Game 0 1655787949
8,0,1,0,1,2,1,2,2,3,0,0,3,3,3,3,0,1,2,1,1,2,3,0,3,0,3,0,3,3,3,0,0,0,62,0,1,1,2,3,0,3,3,2,1,2,1,0,0,0,1,1,2,3,2,3,3,2,1,2,2,3,2,2,1,1,1,1,1,13,0,3,3,3,3,3,62,2,1,1,1,1,1,10,2,3,2,3,3,3,0,1,0,0,0,3,0,0,3,2,2,3,0,1,1,1,2,3,2,2,3,0,3,0,0,1,0,1,0,1,2,1,2,3,2,3,0,3,0,0,3,1,2,2,2,3,2,2,2,57,1,0,1,1,2,1,0,0,0,0,0,0,0,25,3,2,2,3,3,20,2,2,2,2,2,87,1,1,1,1,1,1,1,0,0,0,0,0,0,3,32,2,3,2,1,3,3,2,3,3,3,2,61,1,1,1,2,20,3,3,3,2,3,64,3,3,0,0,0,1,1,1,1,1,1,39,0,3,3,3,0,0,0,0,27,3,2,2,42,2,2,2,1,2,2,1,44,0,0,47,2,1,0,0,3,3,3,1,0,17,3,3,3,1,3,2,2,2,2,2,2,76,2,1,1,1,0,1,0,0,0,0,1,1,0,73,1,2,2,2,3,94,2,1,1,0,48,0,0,3,3,3,3,3,2,2,2,2,1,0,0,0,5,1,1,1,2,2,3,2,1,2,2,3,3,2,3,3,0,0,3,3,3,3,0,0,73,1,1,0,1,0,1,0,3,0,1,1,1,1,1,2,2,2,2,2,3,0,3,2,52,2,3,3,21,3,3,3,2,10,2,3,60,3,1,3,0,0,1,1,0,1,2,1,0,1,1,0,0,1,2,2,2,3,3,2,2,2,2,1,98,0,0,0,0,1,0,0,0,0,1,94,2,44,2,2,3,2,1
Game 1 1655788086
31,3,2,3,91,0,1,1,1,2,1,1,2,1,39,0,3,0,3,3,3,0,0,0,0,3,3,0,40,1,2,2,2,2,3,2,2,2,2,2,72,1,0,0,1,1,7,0,3,0,3,0,3,0,3,3,0,3,3,56,0,0,2,1,2,1,2,1,77,2,2,1,0,1,0,0,84,1,2,2,2,17,3,3,3,3,3,0,0,0,3,3,0,23,3,2,1,1,2,39,1,0,1,0,3,0,0,0,63,1,2,2,2,2,1,2,2,24,3,0,0,3,2,90,2,2,2,3,2,1,1,1,1,0,1,2,1,99,3,1,0,0,0,0,0,0,62,3,3,2,2,2,2,2,2,2,53,3,0,23,3,3,3,20,2,2,2,24,3,3,1,0,0,1,30,1,1,1,0,1,2,1,2,2,3,2,2,3,2,3,3,37,3,3,0,0,0,0,0,1,1,1,0,56,1,1,2,23,3,2,3,2,3,48,2,1,1,0,1,0,0,0,0,0,3,3,80,0,3,3,2,3,0,2,2,1,1,2,1,0,0,1,2,2,2,1,1,2,2,1,1,1,2,31,3,0,3,10,2,3,32,3,0,1,2,1,94,0,3,0,1,1,1,1,1,1,1,2,67,3,3,3,2,2,1,2,1,0,0,1,0,0,0,0,3,0,0,1,1,1,0,0,75,1,2,2,15,0,1,0,3,1,2,3,2,2,3,3,2,3,60,0,0,0,0,3,1,1,1,2,2,2,1,2,1,1,77,1,1,1,0,0,0,0,0,3,0,3,43,3,3,2,2,2,2,3,63,2,1,0,64,0,10,0,0,2,1,2,3,1,2,3,3,3,25,3,0,0,0,0,1,1,26,0,59,3,3,0,0,1,1,1,1,18,2,3,3,3,3,35,2,2,98,2,1,1,0,3,1,1,1,1,1,0,0,12,3,3,2,3,0
Game 2 1655788223
77,3,3,2,2,1,0,0,3,0,1,0,1,0,1,0,1,0,11,3,2,2,3,3,0,3,2,1,1,2,3,0,1,2,3,2,3,2,3,3,2,16,3,0,0,0,0,1,99,2,1,1,1,2,1,1,2,1,0,0,3,3,0,3,3,2,2,2,1,1,0,3,0,0,0,1,2,2,3,2,1,1,2,3,3,0,0,1,0,1,0,0,0,1,1,1,10,3,2,2,3,3,3,2,2,3,0,0,3,3,0,0,1,1,2,2,1,2,2,3,3,0,1,1,1,0,0,3,2,2,1,2,2,3,0,0,1,1,1,1,2,2,3,3,0,1,3,3,2,2,1,0,1,2,3,3,3,0,0,0,1,1,2,2,2,2,3,3,2,3,3,3,3,2,89,0,1,0,0,0,3,0,0,1,2,1,0,0,0,1,1,1,0,22,2,2,2,1,2,3,2,2,3,3,3,2,61,1,1,1,2,1,97,2,1,0,0,3,0,3,0,0,1,1,1,0,1,3,2,3,2,3,0,0,3,3,3,2,2,3,2,3,3,93,0,0,0,0,1,1,1,1,2,1,2,1,2,1,1,2,1,0,0,0,3,2,3,2,2,2,3,3,0,0,3,0,3,0,0,3,2,2,2,1,1,1,1,2,1,1,0,3,3,0,3,2,2,2,2,2,3,3,2,3,24,0,0,1,1,78,0,1,1,1,1,0,0,1,0,5,3,3,3,2,1,3,3,3,2,91,2,1,0,1,1,2,2,1,1,1,1,2,2,2,1,23,3,3,3,3,3,3,2,1,3,3,42,2,1,1,59,1,0,2,1,1,2,1,0,3,3,3,0,0,0,0,1,0,3,76,2,2,2,3,3,3,2,3,3,2,1,1,1,1,1,0,1,0,1,23,2,2,3,3,3,3,3,95,2,3,2,3,0,1,1,1,1,1,1,1,1,1,0,0,0,3,3,3,2,1,2,3,3,0,0,3,3,2,1,2,3,2,2,3,2,1,1,0,0,2,2,1,0,1,1,1,1,1,12,2,3,3,3,3,3,3,3,3,2,41,3,2,2,1,1,1,0,36,0,1,2,2,1,1,1,0,0,0,0,3,3,3,3,3,3,0,64,0,0,1,1,1,0,3,3,3,2,2,2,1,1,2,1,1,1,1,78,1,0,0,0,0,4,1,2,1,0,3,3,3,3,3,3,2,2,2,2,62,1,0,1,1,1,1,1,2,2,2,51,2,3,74,2,1,1,1,0,0,0,3,3,87,0,1,0,0,96,0,3,3,3,2,3,0,3,2,3,0,3,2,2,3,0,43,3,3,3,3,3,2,11,3,3,3,2,2,41,3,2,1,1,0,56,0,1,0,1,1,2,3,3,3,0,2,3,3,3,0,0,3,57,0,86,1,1,2,1,99,1,0,3,1,37,2,0,2,2,3,49,2,2,3,2,2,2,2,1,1,1,2,1,1,1,0,1,0,3,0,3,0,3,0,1,2,0,0,0,3,0,3,76,2,1,1,3,2,2,3,2,1,2,2,1,1,2,2,3,0,2,3,3,3,0,0,0,1,0,3,0,0,0,2,2,2,1,2,0,1,1,1,1,2,2,2,2,2,3,0,0,3,3,0,1,13,0,3,3,2,3,2,3,2,3,0,2,2,10,2,3,2,2,81,1,1,1,1,1,1,1,1,0,2,23,0,0,0,3,3,3,3,41,2,1,1,9,0,1,0
Game 3 1655788481
13,0,3,0,3,3,3,2,19,1,2,1,0,3,2,1,2,1,1,0,3,0,0,1,0,0,0,1,0,3,3,3,3,0,3,30,3,2,1,1,1,1,2,2,3,2,2,2,2,2,53,1,0,0,0,1,39,1,0,3,0,0,0,0,3,0,3,90,2,3,2,2,2,1,1,0,1,2,1,2,3,2,3,2,2,1,1,1,1,2,1,62,3,3,3,31,2,3,3,3,95,0,1,0,0,1,1,1,1,0,1,70,2,2,3,2,1,89,3,0,1,3,3,0,1,0,0,0,0,1,0,1,0,75,1,3,3,32,2,3,3,3,2,3,2,15,3,0,0,1,3,3,36,0,1,1,38,0,0,5,0,3,2,2,0,0,4,99,1,1,1,2,1,1,0,1,0,0,1,1,0,0,1,0,83,3,3,3,2,3,0,3,3,1,2,2,1,2,1,1,1,1,2,1,1,2,33,1,2,3,3,0,3,0,3,2,91,1,1,1,1,1,1,35,3,0,3,0,0,0,0,1,5,1,0,3,3,3,2,3,97,0,1,1,1,1,1,1,1,1,1,81,2,2,2,2,2,3,2,74,1,0,0,0,0,28,3,2,2,2,3,0,0,3,3,3,0,0,0,0,0,65,3,3,0,1,1,2,2,2,1,2,90,1,1,2,1,2,2,2,2,69,3,3,3,0,0,0,3,3,3,0,3,0,1,1,0,0,0,1,0,1,1,77,1,2,2,99,1,0,0,34,3,2,2,3,2,3,2,1,2,3,3,0,0,0,3,3,22,2,2,3,9,3,2,2,3,0,0,0,0,0,0,82,1,1,1,1,2,2,2,1,2,2,1,2,2,14,2,1,2,3,0,0,3,3,0,3,3,3,0,92,1,1,0,0,3,2,3,0,1,0,3,0,1,1,1,1,1,1,1,2,3,2,1,2,2,2,57,2,2,3,3,3,0,0,0,0,0,0,0,81,3,2,2,2,3,3,3,2,2,2,2,3,1,0,3,0,0,1,1,1,1,1,1,2,1,0,2,2,2,2,2,2,3,37,2,3,0,3,2,0,0,0,0,3,0,3,0,0,24,3,2,85,3,0,0,0,0,1,1,1,1,1,2,75,3,33,0,2,2,1,1,3,2,1,0,0,3,3,1,1,1,2,46,1,0,0,0,21,0,1,2,2,3,2,1,2,3,3,0,12,3,3,0,1,60,1,1
Game 4 1655788659
50,3,2,1,2,25,1,0,0,0,0,3,0,3,3,3,22,2,2,2,94,1,0,0,1,1,1,1,1,2,1,0,16,3,0,3,3,0,3,2,3,3,3,3,25,2,1,68,1,1,1,0,0,1,0,4,3,3,3,3,2,3,2,3,2,2,89,1,0,1,2,1,1,1,0,1,0,0,0,1,0,92,1,3,1,2,2,2,13,3,3,0,1,0,2,3,3,3,3,2,3,32,2,1,1,5,2,3,3,2,3,0,40,0,1,2,1,2,1,2,2,2,1,2,65,1,0,1,0,0,0,0,81,1,2,2,2,1,2,48,1,0,3,0,0,0,3,2,3,0,3,0,59,1,0,2,3,3,2,3,3,2,2,2,2,2,2,33,1,0,1,1,87,1,1,1,0,0,0,1,1,0,45,3,3,3,3,2,1,2,0,89,2,3,0,1,0,3,0,3,0,2,0,1,1,1,2,1,0,7,2,3,3,2,2,3,2,2,3,3,0,0,3,3,0,3,0,3,0,73,1,0,3,1,2,1,1,2,2,2,2,2,1,65,0,0,1,0,0,0,3,0,1,3,1,3,3,2,3,0,0,0,1,2,3,25,3,3,3,3,41,3,0,3,2,1,1,1,1,2,3,2,1,90,1,1,1,1,1,17,0,0,0,3,0,0,1,0,3,0,1,2,3,0,3,3,3,2,3,0,1,71,2,1,2,1,2,2,2,1,1,1,2,1,47,0,1,0,0,3,3,0,0,0,3,3,38,0,1,0,3,2,89,3,3,3,2,2,1,2,1,2,2,2,3,3,2,1,0,0,0,1,0,1,0,1,1,1,0,0,0,0,31,3,3,3,3,3,3,2,3,0,2,2,2,2,2,1,2,3,0,1,52,2,0,1,0,65,0,0,1,0,73,1,2,2,88,1,0,0,1,0,0,3,0,57,1,3,3,2,2,46,3,2,66,1,1,78,1,0,0,82
Game 5 1655788801
45,0,0,3,0,0,0,0,0,3,2,3,3,2,2,1,2,2,3,2,3,2,2,19,0,1,1,0,0,1,0,1,1,0,3,0,3,3,0,0,3,3,0,2,3,2,2,2,2,2,76,1,0,1,1,0,1,0,0,1,1,1,58,0,3,0,3,24,2,2,2,2,3,3,70,3,2,1,2,1,2,1,1,2,1,1,38,1,0,0,0,3,3,0,3,0,0,0,3,3,0,46,0,1,2,1,2,2,3,0,2,92,2,2,2,2,1,1,1,1,1,14,0,0,0,3,0,3,2,2,3,3,3,3,3,3,81,0,0,0,0,1,1,1,2,2,1,1,1,1,2,2,2,1,2,3,2,7,3,0,0,3,0,1,0,3,2,2,3,3,2,3,3,0,0,3,0,0,30,1,0,0,1,2,1,1,2,2,1,1,1,2,2,2,3,2,2,3,2,3,3,90,3,0,1,1,1,3,3,0,0,0,0,1,2,1,2,3,1,1,2,2,2,2,1,88,0,0,0,3,69,3,0,3,14,2,2,3,3,2,3,3,2,3,2,23,1,2,76,1,0,0,1,0,1,2,1,2,3,3,2,2,1,2,1,2,3,0,0,3,3,3,3,3,49,0,1,1,0,1,1,0,0,0,0,0,25,1,1,2,3,2,1,2,3,1,1,2,2,3,2,3,3,0,0,0,3,3,0,87,0,0,0,3,0,1,1,1,1,2,1,0,1,3,11,1,2,2,3,3,3,2,2,3,2,3,3,3,3,53,2,3,0,1,2,1,1,1,6,3,3,2,0,3,2,57,1,1,1,1,1,0,7,3,3,3,3,3,10,0,2,1,1,1,1,2,2,1,2,3,3,3,3,2,2,2,2,2,3,3,89,3,0,0,1,0,3,0,1,2,0,1,1,1,0,0,1,1,1,52,1,2,3,3,3,2,2,2,2,2,3,50,2,2,83,1,0,2,1,0,0,3,21,2,3,0,1,1,2
Game 6 1655788948
1,1,1,0,3,3,3,3,3,2,3,2,3,36,0,1,1,0,0,1,0,0,7,3,3,3,0,37,1,1,1,32,1,1,2,2,2,2,3,3,2,62,1,1,1,51,2,3,76,2,3,3,0,3,0,1,1,1,0,0,0,0,1,1,37,1,0,3,3,3,3,3,30,2,3,2,3,2,2,2,2,1,1,2,64,3,1,1,1,1,1,1,16,0,3,3,3,3,0,3,40,0,0,0,3,2,2,1,1,1,2,1,2,2,80,1,1,1,1,65,1,0,0,3,3,0,3,0,82,3,2,2,1,1,1,38,2,1,3,3,0,3,3,3,0,3,0,0,0,1,1,0,3,2,2,2,2,2,3,2,2,3,2,2,93,0,2,0,0,0,1,1,1,1,1,1,95,0,0,85,3,76,3,0,26,3,3,3,3,3,89,3,0,1,1,1,1,1,0,1,1,1,0,15,2,0,3,2,3,0,1,2,46,1,1,0,1,21,2,2,3,2,2,3,2,75,1,1,0,0,0,0,1,1,26,2,3,2,1,0,2,2,2,1,3,0,3,3,3,3,3,3,49,0,0,1,0,1,54,1,1,1,2,3,3,3,1,0,0,3,3,3,3,93,2,1,1,1,1,5,3,2,1,3,3,3,3,3,3,3,0,0,0,0,35,1,1,1,7,0,3,3,3,41,0,0,1,1,1,1,1,1,1,1,3,2,2,2,2,3,3,2,2,3,2,3,23,0,0,3,3,70,2,1,2,1,1,13,1,0,1,0,0,3,3,1
Game 7 1655789061
49,0,1,0,0,0,3,0,0,3,0,41,1,2,2,3,2,2,2,2,2,2,80,2,1,1,1,1,68,1,3,0,3,0,3,0,0,0,0,0,1,3,2,2,3,2,1,1,2,2,3,2,3,3,3,3,3,2,65,2,0,0,0,1,1,2,1,0,0,0,1,10,0,0,1,2,2,2,3,3,0,3,0,1,1,1,2,3,2,3,2,2,3,3,3,3,2,26,3,0,0,0,1,0,1,17,0,3,37,0,1,1,2,48,1,0,78,1,1,1,54,2,3,3,2,2,32,2,3,3,2,73,1,1,1,1,0,63,3,0,0,1,0,3,3,3,2,3,2,3,2,2,2,2,3,2,3,20,0,1,0,3,1,0,1,1,2,3,2,2,2,3,1,1,2,3,19,1,3,1,3,0,0,42,1,1,1,2,2,2,2,2,2,2,25,3,0,0,0,3,51,2,2,2,2,1,1,1,53,0,0,14,1,1,0,0,3,2,3,2,3,2,3,77,0,3,0,1,0,3,0,1,1,1,1,1,2,2,1,86,1,2,62,1,2,2,2,3,2,3,3,10,0,3,3,3,2,2,3,3,2,42,1,0,0,57,1,1,1,2,1
Game 8 1655789151
50,1,2,3,2,93,1,0,0,0,1,1,1,42,2,3,3,3,3,3,32,3,59,2,3,0,0,0,0,1,1,0,1,0,0,0,47,3,2,2,40,2,3,2,1,2,2,2,2,1,2,44,1,0,0,3,0,19,0,3,0,0,3,0,3,3,0,87,2,2,1,1,1,1,22,2,3,3,2,3,2,3,2,3,3,2,51,1,1,2,1,11,2,3,3,0,3,37,2,0,1,0,0,1,0,0,1,29,0,3,0,66,1,2,2,2,1,1,24,1,0,1,1,2,2,2,3,3,3,3,3,3,3,93,0,1,1,1,0,3,0,1,1,2,2,1,2,1,2,48,2,3,0,0,3,3,0,1,0,0,26,3,2,2,3,99,0,0,0,1,2,1,0,2,1,0,19,2,3,2,1,2,3,0,0,3,3,3,3,0,0,0,3,0,3,58,3,1,1,2,2,1,2,3,2,1,1,0,0,0,0,0,0,1,1,1,1,1,0,3,3,2,2,2,3,2,3,2,2,2,2,30,2,1,1,57,0,1,0,0,0,0,0,1,0,89,0,1,1,1,1,0,24,2,2,2,2,2,3,12,2,1,3,26,0,0,0,1,87,3,0,0,0,3,2,0,1,1,0,0,0,1,1,0,0,1,0,1,70,0,3,3,3,0,1,3,1,2,2,2,2,3,74,0,0,1,0,0,17,2,3,0,0,3,3,0,0,3,3,32,0,0,3,2,2,2,2,1,1,1,69,2,3,3,3,1,1,1,1,1,0,0,0,0,0,0,0,0,3,3,71,3,3,3,3,3,3,2,2,2,1,1,1,1,0,1,2,2,2,1,2,1,2,77,1,3,3,0,0,1,60,2,2,2,2,21,3,3,3,3,0,28,3,2,0,0,0,0,0,0,0,1,2,86,3,2,1,0,0,0,2,2,2,1,1,1,1,57,2,3,3,3,3,3,2,2,2,1,2,1,0,0,3,2,2,2,2,3,0,3,2,3,0,1,2,0,0,1,1,1,0,97,1,1,1,1,17,2,2,3,3,3,3,2,3,1,2,3,2,2,3,0,3,2,3,0,0,0,0,0,1,91,0,1,1,0,1,1,1,1,1,1,2,2,2,2,2,2,2,32,2,3,0,0,3,2,2,3,3,3,2,35,3,3,1,0,1,62,2,1,1,3,3,3,3,0,0,1,2,1,0,1,1,1,1,0,3,3,2,1,2,2,2,2,2,1,1,1,0,1,1,0,83,1,1,0,87,1,0,0,0,0,67,3,3,84,1,1,2,92,2,0,0,3,0,0,3,0,1,1,0,3,3,2,1,3,3,0,0,1,2,3,1,1,2,2,2,2,1,1,1,1,1,1,1,0,2,3,3,2,3,0,3,3,0,1,0,3,1,1,1,0,1,1,0,0,1,0,3,3,3,3,3,2,3,2,3,2,2,26,1,0,0,0,23,1,0,1,1,1
Game 9 1655789364
88,0,3,3,3,0,1,2,3,0,1,2,3,0,1,2,3,2,2,1,2,3,0,3,0,1,2,1,0,3,3,0,0,1,1,0,1,2,2,3,2,2,2,3,0,1,1,0,1,0,0,3,2,1,2,3,0,0,0,1,2,1,2,3,0,1,1,0,1,0,0,0,56,1,2,3,3,3,3,2,54,2,2,66,1,0,0,29,0,3,0,0,3,2,3,0,31,3,2,2,1,1,2,2,2,2,2,2,41,1,52,2,1,0,0,92,1,1,1,1,66,0,3,0,0,3,3,0,17,0,3,3,3,3,3,58,0,1,1,0,1,2,34,0,1,2,2,3,2,3,2,3,3,2,20,2,2,2,2,3,61,3,3,0,0,1,0,0,0,1,1,1,2,2,2,1,2,1,2,23,3,3,0,0,3,67,2,2,1,1,1,0,0,0,3,0,3,0,0,0,9,0,3,0,3,3,2,3,0,3,96,2,2,2,1,1,2,1,1,0,1,1,1,1,0,1,97,0,66,3,3,2,47,3,3,0,59,0,1,2,1,1,1,45,2,2,2,2,1,63,1,1,2,2,31,2,3,3,2,3,72,2,1,0,1,0,78,0,0,0,0,0,0,10,1,1,0,2,3,3,2,2,2,3,3,2,2,2,3,2,2,39,3,1,3,1,1,1,3,0,3,2,0,41,2,2,2,2,2,2,2,2,92,1,2,1,1,1,1,0,75,0,0,3,3,0,0,3,0,0,0,3,0,1,2,1,2,1,2,3,3
Game 10 1655789475
78,1,1,0,3,2,3,2,3,0,0,1,0,1,0,0,0,1,0,44,3,3,2,2,3,2,2,80,2,1,0,0,3,2,2,2,3,3,0,1,0,0,0,0,3,2,2,2,1,1,1,1,2,2,2,2,1,1,63,0,0,0,3,3,22,2,1,3,3,0,3,3,3,82,2,3,3,0,0,1,1,2,1,2,1,1,1,1,1,0,98,0,0,0,1,0,3,0,1,90,0,2,3,2,3,2,3,3,2,3,0,3,0,1,1,1,2,1,1,1,0,0,3,2,3,2,1,2,3,3,0,3,0,1,1,2,1,2,2,3,0,3,2,2,1,1,2,1,1,1,2,2,1,14,3,0,3,3,3,3,3,3,3,56,3,0,1,1,1,0,1,1,55,2,74,2,1,1,39,2,2,3,3,3,3,3,0,0,0,0,0,0,3,3,0,68,1,1,1,2,57,3,2,71,2,3,2,2,2,1,1,1,2,2,82,1,0,2,0,0,0,0,0,3,3,3,3,2,3,3,0,3,2,2,2,2,2,2,3,0,89,0,1,2,1,2,1,0,1,1,0,1,1,20,1,3,3,3,3,2,1,2,3,3,3,2,2,2,3,3,3,2,94,1,1,1,0,1,2,0,0,62,3,3,3,2,2,95,3,3,0,1,0,1,1,1,1,0,0,3,3,3,3,2,3,3,3,3,3,2,2,2,2,1,2,3,63,1,0,3,1,0,1,1,1,75,1,0,0,57,3,3,0,0,40,0,1,1,1,1,0,2,2,2,3,3,2,2,1,0,2,2,2,2,6,1,0,0,0,0,0,1,2,1,2,1,0,0,3,1,0,0,1,0,3,3,3,3,3,2,3,0,2,61,1,2,2,1,0,0,1,1,1,2,2,2,2,2,1,48,1,0,1,0,0,0,1,2,2,3,3,3,0,3,2,0,1,1,1,0,0,0,0,1,0,63,3,0,1,2,2,2,2,2,1,2,97,2,1,0,0,1,1,0,0,0,32,0,3,3,0,3,1,1,2,0
Game 11 1655789627
0,0,1,1,0,0,3,0,3,0,0,3,2,2,1,0,1,1,2,2,3,3,3,2,2,2,3,3,3,3,2,2,57,0,0,1,0,0,1,1,0,1,0,0,23,3,2,2,2,3,3,2,53,1,1,1,6,0,1,1,2,3,3,2,2,1,0,0,3,3,3,0,0,0,3,3,3,0,3,33,2,2,1,1,1,38,0,0,0,0,0,73,1,1,1,2,2,2,2,1,2,11,2,3,2,3,3,3,3,3,4,2,3,0,0,9,0,0,0,1,0,3,59,1,1,1,24,1,2,2,1,1,2,2,3,3,2,3,3,3,3,90,2,2,2,3,2,1,1,1,1,0,1,2,1,47,3,0,3,2,3,0,0,0,0,3,0,51,0,3,3,3,2,2,3,0,1,2,1,2,2,2,2,3,2,2,2,3,23,0,0,3,3,3,94,0,1,1,1,3,3,0,0,0,3,2,2,2,3,2,1,1,0,1,1,1,1,1,2,2,2,2,1,58,3,3,3,0,0,0,3,23,3,3,3,2,2,2,2,2,15,3,0,0,42,3,2,1,1,1,1,29,0,0,0,1,2,2,1,1,0,3,0,0,0,3,0,3,3,3,6,3,3,2,2,3,2,1,2,3,28,2,1,0,0,0,0,3,0,99,2,0,1,1,1,1,1,0,10,2,2,2,1,2,3,60,1,1,1,1,17,0,0,0,0,3,3,3,0,3,0,3,0,48,0,1,1,56,2,2,2,0,15,0,0,0,3,1,53,1,1,1,1,94,1,1,1,0,1,91,2,2,71,2,0,0,2,96,2,0,0,3,2,1,3,0,3,2,0,0,1,1,1,1,2,1,1,1,1,0,1,0,76,3,3,26,2,2,3,3,3,0,3,56,0,1,1,2,15,1,0,3,3,3,3,3,0,3,1,3,1,81,1,1,1,1,1,1,1,2,2,68,2,1,0,0,0,0,0,3,3,2,76,1,2,3,33,3,0,3,2,2,3,3,1,3,0,1,1,2,2,2,2,2,1,2,1,3,3,3,2,2,5,2,1,0,0,1,2,1,0,0,0,1,0,2,1,0,0,3,3,3,0,3,3,3,2,2,2,94,2,0,0,0,0,2,2,2,1,0,0,0,1,1,0,1,1,85,0,3,50,1,3,0,1,2,2,2,0,0,0,3,3,3,2,2,2,2,1,1,17,0,3,1,0,3,3,3,0,0,0,1,0,3,92,2,2,1,2,3,3,1,2,2,1,1,1,87,0,0,0,0,3,0,65,3,2,2,3,81,3,1,0,1,0,3,3,3,2,2,1,1,1,1,1,1,1,1,83,3,3,0,0,1,2,1,2,1,1,3,11,3,3,3,3,2,2,2,25,1,38,1,0,0,0,66,1,2,2,2,0,1,58,0,3,99,0,1,1,1,1,16,3,3,2,1,2,1,2,3,3,3
Game 12 1655789833
15,0,1,0,3,3,3,3,3,0,74,0,1,2,2,1,1,1,1,1,97,0,1,0,1,0,98,0,3,3,2,3,2,2,2,2,2,1,0,0,0,3,0,0,3,3,2,2,3,3,2,3,2,3,75,2,2,1,1,1,1,1,0,0,0,0,1,1,23,2,3,2,3,0,3,3,3,56,0,1,1,0,1,0,57,0,49,0,0,3,43,3,2,2,2,2,2,2,1,96,1,2,2,1,0,1,0,0,0,1,0,1,14,0,3,3,3,2,3,2,3,3,3,3,2,1,2,2,2,2,3,48,1,1,1,0,0,1,39,0,3,87,2,3,3,0
Game 13 1655789885
42,3,98,2,3,0,1,1,0,1,0,0,0,1,0,1,0,1,14,0,2,2,2,2,2,3,3,3,3,3,3,50,0,1,0,1,2,2,1,2,2,2,1,2,96,1,0,1,1,0,0,0,1,0,0,17,3,2,3,3,2,3,3,0,3,0,3,0,40,0,3,0,1,2,1,1,2,2,2,1,1,2,2,2,2,2,3,3,3,34,0,0,0,0,3,20,2,2,2,2,63,3,3,1,1,0,1,1,1,1,62,2,12,3,3,3,2,3,3,3,1,1,3,75,0,3,0,0,1,1,1,1,1,1,1,44,2,3,3,3,78,2,2,3,3,3,2,2,3,0,0,1,1,1,1,0,1,0,0,1,1,76,2,2,29,3,2,3,1,2,2,3,3,0,0,3,0,0,0,0,3,0,77,1,1,1,1,2,2,14,1,2,3,2,2,3,3,3,3,3,3,83,0,0,1,2,1,0,1,2,1,2,2,2,1,2,13,2,3,3,0,0,3,2,3,3,3,5,0,3,0,29,0,0,0,0,1,52,1,1,1,2,2,2,1,1,2,3,3,2,2,2,67,3,0,0,3,3,0,3,2,2,3,0,1,1,1,2,1,1,0,89,0,1,1,1,0,79,30,3,3,2,1,1,0,3,2,2,3,2,2,2,2,1,2,3,1,42,1,0,0,13,3,2,3,14,69,0,2,1,2,1,1,0,0,0,0,0,0,9,3,3,3,3,3,3,56,2,1,0,1,1,1,2,32,3,3,0,3,1,1,1,2,2,2,24,1,0,0,1,2,1,0,0,1,2,2,2,3,3,3,3,3,0,0,0,10,3,1,2,3,2,8,1,0,1,2,0,0,0,0,0,3,0,1,3,3,3,3,2,3,3,0,3,42,2,2,2,2,2,2,2,1,1,1,0,0,11,3,2,3,25,0,1,0,0,83,1,2,2,1,1,1,1,44,0,3,3,3,3,76,1,1,0,1,22,0,3,3,2,3,3,3,2,2,2,0,1,0,3,3,29,3,0,2,1,0,0,3,0,0,0,0,3,3,3,3,3,56,2,1,1,1,1,2,2,3,3,3,2,2,2,96,1,2,1,0,0,3,0,1,1,1,1,0,3,0,2,0,1,80,2,2,2,3,2,1,58,0,3,0,3,3,3,1,2,3
Game 14 1655790052
30,1,0,0,3,2,2,2,2,3,3,47,0,3,0,1,0,1,0,0,0,0,20,1,2,1,1,2,2,2,3,0,3,3,2,1,1,2,3,3,2,3,3,3,3,2,24,0,0,0,0,70,1,0,1,1,0,0,3,3,2,2,1,1,0,0,0,3,2,2,2,3,3,2,2,1,1,0,0,3,0,1,1,2,2,2,2,2,1,1,1,1,2,41,3,3,0,45,1,0,3,0,0,0,30,1,2,1,2,3,3,2,3,2,17,3,0,0,1,3,0,0,0,0,3,35,0,1,1,2,2,2,72,1,1,2,2,1,1,2,22,2,3,0,3,3,3,44,0,1,1,68,3,0,1,1,0,0,1,0,71,0,3,2,2,3,2,3,3,2,1,1,1,1,0,0,1,2,1,2,3,2,2,2,2,91,1,2,1,33,3,1,0,3,2,3,2,2,3,3,3,2,3,58,0,0,1,1,1,0,0,3,22,2,2,3,3,2,2,2,2,40,2,2,1,1,31,0,3,79,0,1,0,3,1,0,0,0,1,1,1,0,74,3,2,2,3,3,3,2,1,2,2,1,1,1,0,1,2,1,11,2,2,3,0,3,3,3,3,2,2,14,2,3,1,81,1,2,1,1,1,2,2,2,2,1,61,1,2,0,19,3,0,1,3,3,3,2,3,0,0,0,0,1,0,3,58,1,1,1,2,98,1,0,2,1,0,84,2,2,3,2,92,1,2,10,3,0,0,0,0,1,3,3,2,2,1,2,3,2,2,3,3,3,2,2,20,1,61,0,1,1,1,53,2,1,1,1,3,3,19,1,0,1,0,0,3,3,3,3,3,3,0,3,3,0,3,1,2,1,0,1,2,3,0,0,2,3,0,0,0,3,2,3,0,0,3,2,2,2,3,3,3,3,3,42,2,1,1,1,1,21,2,3,3,35,3,3,0,0,1,2,3,1,0,3,0,0,3,2,3,2,2,0,3,0,66,1,1,1,99,0,1,0,1,1,0,3,3,3,3,3,3,3,2,2,2,2,2,11,2,2,2,0,42,1,1,0,1,41,2,51,1,18,2,1,1,1,1,0,3,2,3,3,3,3,3,2,0,0,0,0,54,2,2,2,2,1,1,30,1,0,3,3,3,0,0,0,3,1,1,2,1,99,1,0,1,0,0,0,1,2,2,2,0,0,0,0,0,49,3,3,3,3,25,1,2,3,2,3,3,0,3,2,75,2,1,1,1,1,0,1,66,2,3,3,31,1,1
Game 15 1655790234
30,1,2,3,3,2,3,24,0,0,0,0,3,3,2,3,3,81,2,2,1,1,0,1,1,1,1,1,1,2,56,2,1,3,0,3,3,0,3,0,33,3,2,2,2,3,32,2,40,2,3,3,3,2,14,1,1,1,0,0,3,2,0,0,3,3,3,0,3,19,0,0,0,0,0,49,1,1,1,73,1,2,2,1,2,2,2,1,2,11,3,2,1,2,3,3,3,3,3,2,3,3,1,69,3,1,0,1,2,1,1,0,3,0,0,0,0,1,1,1,29,1,2,1,2,2,3,0,0,3,3,0,3,3,3,0,63,2,1,0,2,2,3,3,2,2,3,35,3,0,0,3,3,1,2,1,3,3,2,2,3,3,50,2,1,1,60,1,27,1,0,1,2,0,0,0,3,3,3,2,3,0,0,3,3,3,0,22,3,2,2,2,2,2,1,72,1,1,1,1,1,0,0,1,2,2,2,1,3,3,0,3,3,2,1,3,3,2,3,3,2,2,68,0,2,0,1,1,1,0,1,0,0,0,0,0,0,3,86,3,0,1,1,2,2,2,2,3,2,2,2,2,3,0,0,0,1,0,0,1,10,3,0,1,2,3,2,2,1,2,2,3,3,2,2,3,3,3,2,59,1,1,1,0,1,2,3,0,1,0,0,0,0,0,3,3,3,26,3,3,3,2,2,2,1,2,3,0,0,0,0,2,2,2,55,2,1,1,1,0,0,0,0,0,1,53,2,2,89,1,0,0,0,0,1,1,0,0,57,3,2,3,2,91,2,3,3,0,3,2,2,1,1,2,3,2,1,1,2,1,1,1,0,1,2,29,0,0,3,2,2,3,2,3,0,1,2,1,3,1,0,0,0,3,0,3,3,3,3,23,3,2,1,2,2,2,2,2,30,2,2,3,3,2,9,1,1,1,0,1,2,0,0,3,3,3,2,2,2,3,3,1,1,3,3,0,0,0,3,3,3,0,0,19,24,1,1,1,1,1,1,1,1,2,3,3,2,1,1,3,0,0,1,0,3,2,2,3,3,0,3,15,0,3,80,3,2,2,2,2,2,1,1,1,1,1,1,0,1,2,8,0,0,2,2,0,0,0,3,2,2,3,3,0,1,3,0,0,0,3,3,3,0,0,3,49,0,1,1,13,1,1,1,1,1,2,3,0,3,3,3,2,1,2,1,0,2,1,0,3,3,3,0,3,3,3,3,34,0,1,1,30,1,0,0,0,0,1,2,2,2,2,3,3,3,3,3,53,0,1,1,0,0,12,3,2,3,3,11,2,17,2,3,0,0,0,0,1,26,1,2,55,1,1,1,64,1,13,3,2,3,61,1,1
Game 16 1655790427
76,1,2,1,0,0,0,3,0,1,0,52,0,0,3,2,2,3,2,2,2,2,90,1,1,1,1,2,2,25,3,3,0,0,3,3,0,0,3,3,0,70,1,0,1,1,2,3,3,2,2,2,1,1,1,2,1,11,0,0,0,1,0,3,3,3,3,0,0,1,2,2,3,3,0,3,3,2,2,2,2,3,68,2,3,0,1,1,0,1,1,0,0,1,0,1,0,13,0,1,1,2,3,2,2,3,2,3,3,2,3,3,3,57,3,0,1,1,1,0,1,1,0,52,3,0,3,3,2,2,2,1,2,2,2,1,1,65,0,0,1,0,39,1,0,0,0,3,0,3,3,3,43,3,3,2,1,1,2,2,2,1,2,2,5,3,0,0,0,3,3,2,9,2,1,2,2,1,2,1,0,0,3,0,1,0,1,0,1,1,0,0,1,2,2,2,3,2,1,2,3,3,3,3,0,0,1,2,3,0,3,3,0,3,3,0,3,25,1,1,2,34,2,1,74,1,1,1,1,21,1,0,0,0,0,0,1,2,3,3,3,3,3,3,3,2,29,3,0,0,0,0,0,0,0,1,1,0,3,54,0,0,0,1,0,1,1,1,25,0,0,3,2,3,77,0,1,1,1,1,1,94,1,0,0,1,2,2,3,2,3,2,2,3,3,0,3,3,3,3,3,0,3,16,0,0,1,0,59,3,1,0,3,1,1,1,58,2,87,1,0,1,1,3,3,1,57,1,3,3,2,3,0,0,92,3,2,1,2,1,1,2,1,2,1,33,2,2,0,0,0,3,3,79,0,1,0,0,0,1,1,0,1,1,6,2,3,3,3,1,2,3,0,0,0,2,2,2,2,3,2,3,0,3,0,0,0,3,3,3,89,2,1,1,1,2,2,1,0,1,1,1,0,0,0,0,0,58,3,3,3,2,91,2,3,2,1,1,0,3,3,2,3,0,2,2,1,1,2,2,1,1,28,0,0,0,0,3,3,3,2,42,3,0,1,2,3,1,1,1,2,1,2,2,38,3,0,2,2,3,0,0,3,2,0,2,1,1,1,1,0,3,3,2,3,3,0,0,0,3,3,0,0,63,3,3,3,0,1,2,2,2,1,2,2,1,0,0,0,0,0,1,2,2,2,0,0,0,3,24,3,3,0,3,3,15,0,3,47,0,0,0,1,1,1,14,3,3,2,0,0,0,0,3,1,60,3,2,2,1,1,1,1,1,83,1,1,0,0,0,51,3,2,2,3,25,3,3,3,3,0,0,0,37,0,0,1,1,3,87,2,1,1,0,1,1,1,95,0,0,1,2,9,3,3,3,3,2,2,1,0,3,0,0,11,1,1,2,1,1,1,1,0,2,0,2,0,2,2,1,2,2,2,3,3,3,3,3,53,1,1,1,1,80,0,3,2,3,3,2,1,94,1,0,0,0,8,3,2,1,0
Game 17 1655790636
25,3,3,0,0,3,0,38,0,0,0,1,14,1,2,1,2,1,1,2,1,2,3,3,3,3,3,3,3,89,3,0,1,0,1,1,1,1,0,0,1,1,1,0,31,3,2,3,2,3,2,2,2,2,2,2,28,1,0,1,0,3,0,3,0,3,0,0,0,41,1,2,2,2,2,2,1,2,3,2,3,2,3,3,3,3,0,0,81,1,0,1,1,2,1,0,1,0,1,2,1,2,2,2,1,95,2,1,0,0,0,15,3,3,2,2,3,3,0,0,3,3,3,3,49,3,2,1,1,2,1,1,1,2,1,1,2,1,2,1,3,3,3,0,3,3,0,0,0,0,0,40,1,1,2,3,2,1,2,3,2,3,2,1,2,2,3,89,0,0,3,0,1,1,0,1,2,2,3,1,1,0,0,0,0,0,1,0,0,48,3,2,0,2,3,4,3,2,2,2,3,0,3,2,2,3,88,0,0,0,1,1,1,1,1,1,1,3,24,3,3,3,2,2,2,3,3,2,3,70,2,2,1,2,3,2,1,1,1,1,13,1,0,1,0,0,0,3,3,3,3,3,2,3,3,3,9,3,0,0,0,0,0,0,79,1,1,1,1,1,1,25,1,1,2,3,0,2,2,2,3,3,3,3,3,33,2,1,2,38,1,1,2,1,2,3,3,0,2,3,0,0,0,0,0,0,0,1,1,46,2,1,2,49,1,0,0,3,39,3,79,2,2,1,0,3,0,1,2,1,1,0,0,3,2,3,0,0,1,0,0,0,1,1,1,1,70,2,1,0,2,2,2,2,2,3,2,1,13,3,3,3,3,3,3,3,0,0,1,64,2,1,1,1,1,0,0,1,7,0,3,3,0,3,3,3,0,3,57,0,0,2,2,1,1,94,2,1,1,2,1,2,11,2,2,2,2,3,3,3,3,3,3,0,3,44,2,0,0,1,1,1,1,7,2,1,1,1,2,2,1,0,0,0,1,0,0,1,3,3,3,3,3,0,3,2,0,0,0,0,0,26,1,2,1,79,2,2,1,1,1,2,2,1,0,0,0,0,0,0,0,1,97,1,1,2,43,2,2,2,2,2,3,2,1,3,3,3,0,0,0,29,3,3,3,0,0,0,0,0,0,1,1,1,1,1,2,2,3,2,3,3,0,1,0,3,2,2,1,0,0,0,1,0,0,1,1,3,1,2,2,3,0,3,2,2,1,0,2,0,3,2,3,3,3,3,3,3,23,0,0,1,1,69,2,3,1,1,1,0,0,0,0,0,0,6,1,2,1,0,3,3,1,1,2,2,2,2,3,3,0,0,0,47,0,1,1,1,1,23,1,2,3,3,3,2,2,3,2,1,82,2,3,1,1,3,3,1,1,0,1,2,1,2,1,35,0,0,0,0,1,2,2,3,0,3,2,1,1,2,1,17,0,0,0,0,3,2,2,46,3,2
Game 18 1655790848
74,0,1,0,1,39,2,2,2,3,0,1,0,0,3,2,3,2,2,1,0,3,3,0,3,0,3,2,1,2,1,2,1,1,1,0,1,0,3,0,3,2,3,3,0,0,0,0,0,0,3,17,3,3,3,2,1,92,2,1,1,0,1,1,1,1,2,3,2,2,2,1,2,1,1,35,0,3,3,3,0,3,3,3,3,2,3,2,3,3,87,0,1,1,1,2,2,1,1,1,0,0,0,1,0,1,11,0,1,2,3,1,2,3,0,3,3,0,3,3,2,3,2,2,2,3,76,2,3,0,1,0,1,1,1,0,1,0,1,1,4,0,0,3,3,2,3,3,3,3,2,2,2,3,95,2,2,1,0,1,0,1,0,1,1,1,1,1,81,2,2,2,2,2,0,19,3,2,3,0,1,0,0,3,2,2,0,0,0,1,1,0,3,0,3,0,3,3,0,3,71,3,1,3,1,1,2,1,1,2,1,2,1,2,2,1,20,1,1,2,3,3,3,42,0,1,0,1,16,2,0,0,3,3,0,3,0,3,38,0,0,1,1,85,0,3,1,1,2,2,2,1,0,0,1,1,0,0,0,1,1,1,34,2,3,3,1,2,3,1,1,1,2,0,3,0,1,3,3,0,86,1,1,1,0,1,1,0,76,3,56,3,3,74,2,0,3,3,0,0,3,0,1,2,2,1,1,1,1,1,2,2,3,3,98,3,3,3,2,2,3,3,0,0,0,0,3,2,2,2,2,2,2,3,1,0,3,1,1,1,1,1,1,1,33,2,2,2,3,0,0,0,3,3,2,2,3,2,2,3,2,3,3,3,3,9,0,0,0,0,0,0,84,1,1,1,1,2,2,3,2,60,1,2,3,2,1,3,66,3,3,3,3,3,0,1,1,0,1,0,1,0,0,0,1,34,1,0,3,3,3,2,2,2,14,3,3,17,0,0,0,73,0,1,0,3,2,2,2,1,0,0,3,0,1,1,1,1,61,2,2,3,69,3,3,0,3,1,0,3,0,0,0,0,0,0,1,0,3,94,3,3,2,2,2,2,2,1,1,2,3,3,3,0,0,1,0,3,3,2,2,2,2,2,3,2,1,1,1,1,1,0,1,2,0,0,75,3,3,0,6,3,3,0,0,3,3,3,3,0,1,1,0,3,67,2,2,1,0,0,2,1,0,3,3,2,3,3,2,1,2,1,0,1,0,3,0,0,0,0,1,52,2,2,2,2,2,3,85,1,2,1,0,0,0,0,0,1,92,2,2,2,2,2,35,0,0,0,3,2,3,3,3,2,2,2,3,88,2,1,1,0,2,2,2,3,0,3,3,0,0,0,3,2,2,2,3,0,1,0,3,1,1,1,1,3,10,2,3,0,3,3,1,2,3,2,0,2,2,3,3,3,0,2,2,2,5,3,8,1,3,60,1,2,2,2,2,2,2,2,2,3,3,50,3,68,3,3,3,0,1,0,0,3,0,3,0,0,0,1,1,1,87,1,1,61,2,2,2,2,3,3,3,2,2,1,62,0,33,1
Game 19 1655791071
63,1,0,86,3,0,0,1,1,1,0,91,1,2,3,2,1,2,73,3,3,0,0,80,1,2,2,2,27,0,0,3,3,3,0,3,3,0,0,0,0,77,1,1,1,1,1,11,1,2,2,3,2,3,0,3,0,3,0,1,1,2,2,3,2,3,2,3,2,3,3,3,2,2,2,3,20,0,1,2,2,3,1,2,92,3,1,1,1,0,1,2,1,1,1,2,1,2,2,3,2,1,79,0,0,0,3,0,1,85,2,2,2,1,73,3,2,2,93,1,0,2,35,3,3,3,3,0,0,0,3,3,43,2,1,38,3,2,1,3,2,1,0,0,3,1,0,3,3,3,0,0,0,7,3,3,2,2,3,0,75,1,1,1,2,2,2,2,62,2,3,2,2,27,2,1,1,0,1,2,3,0,1,0,0,3,0,0,3,3,0,10,1,1,1,1,0,1,1,2,3,2,2,2,2,3,2,3,3,2,3,3,3,43,3,1,1,1,1,1,3,2,3,3,2,3,14,1,66,3,1,0,1,1,1,1,1,95,1,1,1,2,44,3,3,3,3,3,3,3,72,1,2,2,1,1,91,1,2,2,1,51,3,3,0,1
Game 20 1655791159
29,1,1,1,0,3,0,0,3,0,0,3,3,3,0,3,0,64,1,2,2,3,3,2,1,0,0,3,2,2,1,1,1,1,2,2,1,97,0,1,1,1,0,0,62,3,2,3,2,3,2,2,2,42,3,3,28,0,1,0,0,3,0,3,0,3,78,0,1,1,1,1,2,85,1,0,2,2,3,13,3,3,2,3,3,3,3,3,2,87,3,0,1,0,0,0,1,1,1,1,2,1,1,1,45,0,1,2,3,3,3,3,2,3,7,2,1,2,1,2,2,1,0,0,0,3,3,3,3,3,3,0,0,3,5,2,77,1,2,1,0,1,0,0,1,1,0,1,18,0,1,0,3,2,2,3,3,3,0,85,3,2,2,2,2,1,0,1,1,0,1,1,1,1,1,38,2,1,0,3,3,3,3,0,3,2,0,0,52,3,3,2,2,1,2,1,1,2,3,2,1,2,1,11,0,0,0,1,2,2,2,2,3,3,3,0,2,3,58,0,0,3,2,0,0,3,0,0,0,0,0,3,0,76,1,1,2,2,52,2,1,0,0,1,2,3,2,2,3,3,3,90,2,1,1,1,1,2,53,0,0,0,1,32,0,3,3,2,2,85,3,0,0,0,1,1,1,1,1,1,87,0,0,4,0,3,3,0,1,2,2,3,0,0,3,3,3,3,3,3,3,10,2,2,2,2,62,1,1,1,0,0,1,1,59,2,3,1,1,0,1,0,3,3,2,0,0,3,0,0,0,0,1,28,2,1,0,1,2,1,2,3,2,1,2,2,2,0,0,3,0,1,0,0,0,3,3,3,3,3,0,7,3,3,2,17,1,15,2,34,1,1,2,21,3,2,2,2,36,3,3,2,1,0,0,0,0,1,1,0,3,3,1,0,3,3,3,3,2,99,1,1,1,0,1,2,0,1,5,3,1,2,2,2,2,3,2,1,3,3,3,3,3,0,3,2,0,0,0,62,0,0,1,0,3,1,1,2,1,2,2,2,2,2,2,1,79,1,0,3,0,0,0,0,0,1,26,1,1,3,2,1,2,3,0,2,2,1,2,3,1,3,3,0,3,0,0,0,3,0,0,3,55,0,1,1,2,2,29,0,0,2,0,14,2,0,1,3,2,1,53,0,2,3,0,2,0,1,0,0,1,82,1,2,1,1,81,2,94,2,1,0,75,3,2,0,34,3,2,3,3,40,1,1,3,3,0,0,3,0,1,2,2,1,2,0,0,3,0,1,2,1,2,2,3,0
Game 21 1655791338
74,0,0,1,1,14,0,0,1,0,3,0,3,2,2,2,3,3,3,3,3,2,75,2,2,2,2,1,0,0,1,0,1,1,0,1,1,0,39,3,0,0,3,0,3,3,0,13,1,2,2,1,1,2,3,2,3,3,2,3,2,3,3,3,59,0,1,0,0,1,0,1,0,0,1,24,2,2,2,3,2,3,3,2,48,1,1,1,0,0,0,3,0,81,3,3,3,2,1,2,3,2,2,1,0,1,2,1,2,1,1,2,1,2,66,3,2,1,0,0,0,3,3,3,97,0,1,0,1,2,61,2,2,3,2,1,1,2,2,2,2,2,72,1,0,20,1,2,1,2,0,3,2,3,55,0,1,0,0,1,1,0,52,3,0,3,0,3,3,2,1,2,2,2,1,0,1,2,1,69,0,0,1,0,0,0,0,0,86,1,1,1,2,3,2,39,1,2,2,3,3,0,1,3,0,0,0,3,0,3,3,88,3,3,2,2,1,2,2,1,1,0,3,0,1,1,1,1,0,78,3,24,0,1,2,3,2,3,3,3,3,3,3,91,0,0,1,2,1,0,3,3,0,3,0,1,1,2,2,2,1,2,2,1,2,2,1,2,31,2,3,3,3,3,0,3,69,0,1,0,0,1,1,0,0,0,1,0,0,9,3,3,3,3,3,3,85,1,2,3,1,2,2,1,2,1,0,0,0,1,2,1,0,1,1,1,2,4,2,2,1,2,2,3,0,2,3,3,3,0,3,3,3,0,3,0,54,1,1,1,1,2,1,0,28,0,3,3,0,0,3,0,69,1,1,1,1,0,56,1,2,2,3,3,3,85,1,1,2,32,1,2,2,3,0,0,3,3,2,3,21,3,2,51,1,1,1,81,0,1,1,1,3,5,2,3,0,0,3,0,1,3,0,97,0,0,0,0,1,1,1,1,1,1,1,1,2,75,2,2,3,3,44,2,3,3,3,28,3,0,0,0,3,0,31,3,2,2,2,2,2,1,76,1,2,1,1,0,3,0,1,2,0,2,2,3,3,3,0,67,3,0,13,3,2,2,1,3,2,2,3,2,2,3,48,0,0,0,0,0,1,1,1,30,1,0,3,2,2,1,1,52,0,1,1,0,73,0,1,50,2,3,1,1,0,0,0,0,0,0,3,3,3,3,3,3,2,2,3,0,1,1,1,0,1,44,0,1,3,0,0,7,0,0,1,2,1,0,3,3,1,1,0,3,3,3,81,2,2,2,1,2,1,0,0,3,2,3,3,3,2,1,1,1,1,1,3,42,3,3,3,3,59,1,0,3,3,3,46,3,2,2,2,18,1,2,2,3,2,1,1,3,3,0,0,0,1,2,2,2
Game 22 1655791531
28,0,0,0,0,3,3,0,0,3,77,2,2,3,0,0,1,2,3,2,2,1,2,2,3,0,0,1,2,1,0,1,1,1,1,0,0,43,3,2,2,2,3,3,2,31,3,2,2,3,3,3,3,0,0,73,1,2,1,1,1,1,1,0,58,1,0,3,0,0,3,0,3,0,5,3,2,3,2,3,3,3,2,75,1,1,1,1,1,1,1,43,2,3,3,2,3,59,0,3,0,0,0,1,0,1,1,0,78,1,1,2,91,3,3,3,1,2,1,2,1,1,2,2,1,2,12,2,3,3,0,3,3,3,3,0,3,29,3,0,0,0,0,0,0,0,1,1,2,3,1,2,3,2,2,3,2,2,22,2,0,0,94,0,0,0,1,1,1,1,1,1,2,14,2,3,0,2,2,2,3,3,0,0,1,0,2,3,3,3,0,30,3,2,2,2,1,1,11,0,3,3,95,1,1,1,0,1,0,1,0,24,0,3,2,2,3,3,2,3,3,0,34,1,36,0,16,3,3,99,2,2,2,2,2,1,0,2,1,0,1,1,1,0,3,3,3,3,2,1,3,1,0,1,2,2,1,0,0,1,0,1,0,1,10,2,2,3,0,3,3,3,2,3,0,2,2,3,2,2,3,60,3,1,3,0,1,2,1,0,1,1,0,1,0,1,1,2,2,3,3,2,2,2,2,2,41,3,3,0,49,3,2,0,3,2,0,0,0,0,0,0,0,1,2,1,0,79,1,1,1,46,1,1,2,3,0,3,3,2,3,2,66,1,1,64,2,2,37,3,0,3,0,0,26,2,2,2,3,3,2,2,2,24,1,0,0,72,1,1,1,1,2,1,20,2,3,2,3,3,0,3,2,39,3,0,1,0
Game 23 1655791658
97,0,3,3,3,3,0,1,0,0,3,2,1,1,2,1,0,0,1,1,1,1,0,1,72,2,3,2,2,2,2,3,91,2,2,1,1,20,3,0,3,3,2,3,3,3,3,2,46,1,0,0,0,0,0,3,0,95,1,1,1,1,2,1,3,2,3,3,2,3,3,3,3,3,3,3,44,0,1,0,1,2,1,98,0,1,1,0,1,1,0,0,0,1,48,2,3,3,3,3,0,0,0,3,0,38,3,46,2,2,1,62,2,2,1,1,2,14,3,3,3,3,0,0,3,15,0,86,0,0,1,2,1,1,1,1,1,1,35,0,1,2,3,3,2,3,3,0,3,3,25,3,67,2,2,2,1,2,3,3,3,2,1,0,0,0,0,1,0,0,0,44,3,2,2,2,79,3,0,3,0,0,1,1,0,1,1,0,1,4,2,1,2,2,2,2,3,2,2,3,0,3,3,3,3,3,3,0,27,0,0,0,1,1,67,1,1,1,1,52,1,0,1,2,2,3,2,2,2,2,3,3,93,2,1,1,1,0,0,1,69,0,3,32,3,2,2,2,2,2,2,3,3,2,0,1,3,3,3,3,2,23,1,1,0,3,3,1,0,1,1,0,3,3,3,3,2,3,3,3,18,0,3,0,0,0,0,5,0,3,47,2,1,2,1,1,1,1,0,1,1,2,1,0,0,1,0,3,3,3,3,0,0,3,0,98,0,0,1,1,1,1,1,18,3,3,3,2,1,2,2,1,0,1,0
Game 24 1655791766
5,0,0,1,0,0,1,0,3,3,3,0,1,2,3,3,2,3,3,2,3,85,0,1,0,0,0,1,2,1,2,3,2,1,1,1,1,2,1,1,48,1,2,2,3,3,3,3,0,0,0,0,3,0,80,1,1,2,2,2,3,3,0,0,3,3,2,1,2,1,2,2,1,2,2,1,1,2,1,4,1,3,1,0,0,3,0,3,2,3,0,3,0,0,3,3,2,1,3,3,2,3,0,3,2,44,1,1,1,1,89,0,1,2,2,1,1,1,0,0,0,0,0,0,23,1,2,3,3,3,3,3,3,3,2,62,1,1,1,1,2,36,2,2,3,0,0,3,0,1,0,3,0,0,73,1,2,2,1,1,2,95,1,0,1,0,62,0,0,0,3,3,2,1,2,2,2,2,3,23,2,3,0,3,3,3,0,56,1,1,0,0,0,1,64,2,1,2,12,3,2,2,3,0,3,3,3,24,0,0,1,6,0,3,0,3,86,0,1,1,1,1,1,1,1,2,1,95,1,2,59,2,2,3,3,0,1,0,3,3,2,2,2,2,2,3,3,3,2,1,0,3,0,1,0,0,0,0,0,0,61,3,3,2,2,1,2,2,2,2,2,2,2,1,0,1,26,2,1,1,3,3,1,0,0,3,3,3,0,3,0,3,3,44,2,1,1,95,1,1,2,2,2,1,0,52,0,0,0,3,3,2,3,3,2,1,2,2,3,2,2,1,2,50,2,2,59,3,3,0,1,1,3,0,3,0,0,1,2,0,0,0,1,0,1,60,1,2,2,2,1,2,3,2,2,2,2,2,33,3,0,3,3,32,77,2,2,3,0,0,0,2,2,2,0,1,1,2,1,1,1,1,0,1,0,72,0,1,0,1,3,2,3,2,2,31,2,3,3,3,3,91,2,1,1,79,0,0,3,0
Game 25 1655791902
75,1,0,0,1,0,21,3,2,1,2,3,3,2,3,3,2,3,82,0,0,1,1,1,1,1,1,2,87,1,0,0,3,0,0,24,0,0,1,3,3,0,1,0,3,3,2,2,3,3,2,2,3,2,3,68,0,0,0,1,1,0,1,1,66,2,3,1,12,2,3,3,3,2,3,2,2,3,0,3,2,2,25,0,1,0,0,0,3,0,28,0,0,0,9,3,3,0,71,1,2,1,2,2,1,2,1,2,2,2,2,28,3,3,0,3,0,0,0,0,3,3,0,0,58,1,1,1,35,2,2,2,1,2,2,3,0,3,0,32,3,2,2,1,2,85,1,1,1,1,1,0,3,1,0,39,3,0,0,0,3,3,3,3,0,15,3,2,2,2,3,2,4,3,2,35,1,1,0,82,1,2,1,2,2,1,1,1,0,2,1,0,3,0,3,2,0,0,3,3,2,1,3,2,1,2,3,3,2,2,3,3,2,97,0,0,1,0,0,0,1,0,1,0,1,45,0,3,3,2,2,2,79,0,0,1,0,3,2,0,3,2,2,1,2,1,2,2,1,1,2,1,0,0,0,0,0,3,0,95,1,2,3,2,1,31,3,3,2,3,3,3,2,3,32,0,13,3,0,3,66,2,2,2,3,1,1,1,2,0,1,2,0,38,0,3,3,3,0,48,1,26,0,3,2,2,2,35,2,1,88,1,1
Game 26 1655792005
29,1,0,3,2,1,1,0,0,1,2,3,3,0,0,3,2,2,2,3,0,1,1,0,3,2,1,0,3,3,3,0,0,0,3,0,0,2,3,2,2,3,2,2,2,1,2,2,3,95,0,1,1,1,2,2,1,0,1,1,1,1,1,0,0,19,3,3,0,3,2,3,3,3,2,1,2,3,2,1,1,0,1,0,1,2,2,3,3,3,0,1,0,3,0,3,0,0,3,3,0,0,84,1,2,2,2,3,2,2,1,0,1,1,1,2,1,32,2,1,0,3,3,3,3,3,2,2,3,2,53,1,1,0,39,1,0,0,3,2,3,3,2,2,1,0,1,1,0,0,3,2,0,0,3,0,0,0,78,1,1,1,1,2,54,3,3,2,2,2,2,31,3,0,3,2,2,2,2,6,1,1,0,1,1,0,0,3,3,0,1,0,3,3,3,3,2,3,0,3,63,2,2,1,0,1,1,1,1,2,59,1,2,2,3,3,0,0,3,3,0,0,0,1,0,0,1,1,0,85,1,2,1,2,2,1,2,75,3,46,3,0,0,3,94,1,2,1,1,1,1,40,2,2,3,2,2,3,3,3,3,3,3,3,3,3,0,0,89,0,0,1,2,1,0,1,2,2,1,1,0,0,0,1,1,0,0,1,1,0,23,3,3,2,2,2,2,2,3,2,15,3,0,0,57,3,2,2,1,0,1,0,1,0,0,0,0,20,1,1,2,2,2,2,2,3,3,3,3,3,91,1,0,2,0,2,13,3,0,1,0,0,0,3,2,2,2,3,3,2,3,3,3,3,15,0,0,59,1,2,1,1,1,0,0,0,3,26,2,2,2,3,3,42,3,3,2,1,1,1,1,70,1,1,2,1,2,98,1,1,3,1,0,0,0,3,0,1,54,0,3,2,2,2,2,3,3,2,53,2,5,3,3,3,3,0,3,0,63,0,0,0,1,0,1,1,1,1,1,3,2,3,2,2,2,0,0,0,0,3,2,2,2
Game 27 1655792150
33,0,3,3,79,3,0,1,0,0,0,0,0,1,1,1,2,1,0,7,1,3,2,1,3,2,2,3,3,3,3,2,3,2,3,2,1,2,3,3,0,1,0,0,0,0,3,0,31,1,0,1,1,2,3,2,2,2,2,2,2,1,33,0,0,51,1,2,1,2,14,1,0,0,3,3,3,3,3,40,2,2,2,3,2,1,1,92,1,1,1,1,1,0,33,0,3,3,3,3,3,3,24,3,0,81,1,0,1,1,0,0,1,1,2,2,2,2,2,1,2,26,2,3,0,3,0,0,3,0,0,0,3,3,78,3,2,1,2,2,2,2,1,1,0,3,0,1,2,0,0,1,0,0,0,1,37,1,1,0,2,2,2,3,0,34,3,2,2,2,1,97,0,2,1,0,0,0,1,1,1,3,2,2,3,0,3,1,2,3,3,0,3,3,3,3,3,68,0,1,0,0,1,0,1,1,1,0,1,25,1,2,3,3,3,3,3,63,1,1,0,1,2,2,7,3,3,3,2,1,1,1,2,1,0,1,0,0,0,0,0,0,3,2,3,3,3,3,3,3,3,80,2,2,1,2,2,1,0,1,2,2,1,1,1,2,1,1,1,2,11,0,2,0,2,3,1,78,0,1,2,1,0,3,1,1,0,1,0,0,0,1,39,1,1,0,3,3,36,2,2,2,91,2,3,2,2,2,1,1,1,1,1,2,1,1,75,0,3,3,0,0,65,3,40,0,0,1,1,0,0,3,3,3,2,2,2,3,2,1,1,2,3,2,2,1,6,1,0,0,1,1,2,3,3,3,3,1,0,0,0,3,2,2,0,3,3,3,3,3,3,53,2,1,1,1,1,1,1,3,61,2,1,2,97,1,1,2,1,0,0,30,0,3,2,1,2,2,2,2,2,0,0,3,2,2,2,2,3,2,2,3,2,66,3,0,0,0,0,0,0,1,0,3,0,3,2,2,2,3,0,2,0,2,2,3,3,1,1,92,2,2,1,2,2,1,1,3,0,3,1,3,3,1,0,0,3,0,3
Game 28 1655792301
57,3,0,0,1,0,0,0,15,0,3,0,3,2,2,2,3,2,2,3,0,69,3,0,1,1,1,1,0,1,0,1,0,9,3,3,3,3,3,23,2,2,2,1,1,2,2,59,1,0,0,0,0,0,1,1,0,44,1,2,2,2,2,3,3,2,5,2,3,0,3,0,3,3,42,2,1,1,1,1,71,2,1,1,1,37,0,0,0,0,3,3,0,3,0,3,7,3,3,3,76,2,1,2,2,1,0,0,1,1,1,0,1,10,1,0,3,3,3,2,3,3,2,2,2,2,2,2,2,3,29,3,1,3,1,0,0,0,3,0,0,2,0,64,2,1,2,1,2,2,2,1,37,0,0,0,1,2,2,2,2,3,3,3,0,0,0,0,3,22,3,2,1,2,2,3,2,42,1,1,58,1,2,1,0,0,3,3,0,0,1,0,0,39,3,0,3,10,3,3,3,2,2,2,2,1,2,3,2,2,89,0,0,1,2,3,0,1,0,3,3,3,0,0,1,2,1,1,1,0,0,0,0,1,1,6,1,2,3,0,2,2,1,2,2,2,3,3,0,3,3,2,3,2,3,3,3,0,0,0,0,0,96,1,1,2,2,1,0,1,2,2,1,1,1,1,1,0,0,0,32,0,0,0,3,3,3,3,2,3,0,3,3,2,2,2,2,2,2,1,1,1,47,0,0,0,1,0,0,13,3,2,2,2,2,55,0,1,1,1,2,2,2,73,1,2,1,2,11,2,2,3,3,3,3,3,3,22,0,1,95,1,1,1,0,2,3,0,1,1,0,3,0,1,0,1,1,1,1,1,3,2,1,2,28,2,2,2,2,2,0,0,0,0,0,3,2,3,3,3,3,0,3,0,0,0,65,0,1,2,2,2,1,99,1,1,0,0,1,71,2,0,3,68,3,2,3,3,3,3,0,3,2,0,0,0,0,0,0,0,1,1,1,1,2,1,31,0,1,2,3,3,3,3,0,3,3,2,2,2,2,1,2,1,2,44,1,0,0,0,85,1,1,1,0,0,1,2,1,2,2,2,2,1,2,3,3,3,0,2,67,0,0,1,1,1,2,2,1,1,51,2,2,3,2,2,2,1,2,61,1,54,1,3,3,17,2,2,2,2,1,3,1,0,3,3,0,1,1,2,3,3,3,3,2,1,40,0,1,1,3,3,2,1,2,2,2,2,2,1,13,1,1,1,1,2,3,3,0,0,0,3,2,2,3,3,0,0,0,1,0,0,3,3,1,2,3,2,1,2,38,1,0,0,0,0,1,66,1,3,3,3,2,2,0,1,1,0,1,0,0,0,0,75,2,69,2,1,0,0,0,0,3,3,3,0,1,44,3,2,1,3,2,3,0,3,2,3
Game 29 1655792499
75,3,0,1,1,1,0,0,94,1,2,1,96,0,18,3,3,2,3,0,3,3,0,3,3,3,0,38,1,1,83,1,2,2,2,2,2,1,1,1,1,14,2,1,2,3,3,3,0,0,3,3,3,3,0,3,75,0,0,0,1,0,1,1,1,2,1,1,2,2,59,1,0,0,0,3,3,3,0,24,1,3,0,3,2,1,2,2,3,3,3,3,3,6,0,3,0,3,66,2,1,2,1,0,1,0,0,1,0,1,89,0,0,1,1,1,0,30,2,3,0,3,2,1,1,2,1,0,0,1,1,2,1,0,2,2,2,1,2,1,2,2,3,0,2,2,3,2,2,59,1,1,0,1,2,0,0,0,0,0,0,0,0,3,0,3,18,3,3,3,3,3,1,16,2,2,79,3,2,1,1,1,1,1,1,0,0,0,0,1,30,2,2,2,2,2,2,2,2,3,3,3,2,3,16,3,3,3,0,0,0,0,0,1,98,0,0,3,0,1,1,1,1,2,1,0,1,55,3,3,3,2,2,3,64,2,1,86,1,0,0,41,2,1,2,3,3,2,3,2,3,3,5,0,0,0,3,0,3,3,3,98,0,0,0,0,1,1,1,1,1,2,1,0,1,56,3,3,3,3,2,2,2,2,2,3,3,3,3,3,2,22,1,1,35,1,1,1,1,1,2,1,0,0,0,3,2,0,2,0,0,0,0,1,3,0,0,0,0,3,3,0,31,0,1,2,1,2,1,1,0,3,0,3,3,3,3,3,2,2,2,2,2,2,1,63,2,1,3,0,2,1,2,2,51,2,3,8,1,1,0,1,2,2,1,0,3,2,0,1,1,0,0,0,3,3,3,3,3,3,3,3,88,1,1,1,1,1,1,1,1,54,3,2,2,2,15,2,3,3,3,0,0,3,11,2,2,2,2,83,2,1,0,0,1,1,1,1,0,1,36,2,2,3,3,2,1,0,0,0,0,0,3,3,3,2,2,2,3,3,84,2,1,1,1,2,1,1,24,0,0,3,0,1
Game 30 1655792647
99,0,0,3,0,1,2,2,3,3,2,3,0,0,3,3,0,0,1,1,2,2,3,2,1,0,0,1,0,0,0,1,1,1,1,1,0,1,77,3,2,3,26,3,2,3,3,3,3,91,2,2,1,1,1,2,1,1,2,1,2,1,83,0,3,21,0,3,3,0,3,2,2,3,2,3,2,3,45,0,0,1,0,1,68,2,1,0,0,0,1,0,12,3,3,3,2,1,2,3,2,2,3,3,2,84,2,1,2,3,1,1,1,1,1,1,1,1,38,0,0,0,3,3,3,3,0,3,26,2,3,2,45,1,1,2,97,3,3,2,1,1,1,1,2,2,3,0,2,3,3,3,0,1,1,0,1,0,1,1,1,1,1,0,71,0,3,3,3,3,3,2,3,2,2,1,0,2,2,2,1,2,1,2,88,1,0,0,0,0,0,1,0,0,0,2,45,2,2,2,3,3,3,57,0,1,1,3,5,3,3,2,3,3,2,3,30,2,2,2,2,2,1,1,75,1,1,0,3,0,1,0,0,0,1,1,46,0,3,3,3,27,3,3,0,35,3,2,2,2,1,0,28,1,3,3,3,3,0,0,2,58,1,1,1,59,0,79,1,1,87,1,2,2,20,3,0,3,2,2,2,2,3,2,3,3,2,2,25,3,3,1,0,0,0,1,66,2,2,1,3,0,0,1,1,1,2,2,6,2,2,2,2,2,3,3,2,3,3,2,1,3,1,3,0,56,1,2,1,1,2,1,0,58,0,0,73,1,2,2,2,2,2,1,7,2,3,2,3,3,0,1,0,3,3,0,0,99,0,0,1,1,1,1,1,1,48,3,3,3,3,3,80,3,3,3,2,2,0,0,1,2,2,2,1,1,2,2,2,2,1,1,87,1,0,0,0,0,0,0,9,3,3,2,1,1,3,3,3,3,0,3,3,3,31,2,1,0,1,1,2,2,3,2,2,2,62,1,1,0,1,60,2,2,69,3,3,3,0,0,1,2,1,0,3,3,1,0,1,2
Game 31 1655792792
64,1,0,0,57,3,0,0,0,13,0,0,1,2,2,2,3,3,2,3,2,3,2,3,17,0,0,0,0,93,0,0,3,1,1,1,2,1,1,2,1,1,1,2,1,69,0,0,0,3,0,1,3,31,2,1,2,2,1,2,3,3,2,2,3,2,3,3,5,3,3,2,3,0,1,0,3,83,1,0,1,1,1,2,1,0,1,2,1,2,2,1,84,0,70,1,2,2,2,3,5,3,3,0,3,0,0,3,3,3,0,3,0,87,1,1,2,0,1,1,0,1,1,1,0,19,3,3,0,3,3,0,3,3,3,16,3,2,1,2,94,3,2,1,0,2,1,0,1,1,1,2,1,1,0,1,2,72,2,2,2,0,3,0,28,1,3,3,0,0,0,0,3,3,0,68,1,1,1,1,93,2,3,1,1,2,1,2,2,1,59,0,3,3,1,1,0,3,30,2,1,2,3,0,2,3,2,2,2,2,2,2,83,1,0,0,1,1,1,1,0,55,3,3,0,3,2,91,1,1,2,1,2,70,2,0,2,17,3,0,0,3,3,0,0,0,3,0,3,0,0,0,0,3,1,3,2,2,2,53,1,0,1,2,0,0,0,57,0,0,0,0,29,3,3,3,0,0,42,2,1,1,1,1,0,1,2,2,3,3,0,1,2,2,3,3,55,0,1,0,61,3,2,2,2,2,1,1,1,13,2,3,3,3,0,1,2,3,74,3,1,1,1,1,1,1,2,2,1,85,0,1,43,2,2,3,3,3,0,0,3,1,91,1,1,1,1,2,2,1,94,10,0,0,0,3,3,3,2,3,3,2,3,2,2,2,2,3,2,2,3,2,85,1,1,0,1,2,1,1,0,0,1,0,9,3,3,0,1,0,3,0,1,0,3,3,3,3,3,44,2,1,0,1,1,1,2,3,2,1,1,3,0,90,0,0,3,2,2,3,3,2,2,2,2,1,1,1,1,1,1,1,1,13,0,0,0,0,0,0,3,0,1,3,3,3,2,3,0,2,3,0,1,2,3,2,3,2,51,2,2,1,1,1,42,0,3,73,0,1,1,1,84,0,1,62,2,3,3,26,2,1,1,0,1,0,3,3,3,2,3,3,0,0,3,96,1,2,2,1,1,1,1,49,3,0,1,3,3,3,71,2,3,0,2,0,1,2,1,2,3,2,2,3,2,1,1,1,1,1,0,43,3,3,0,3,0,63,1,1,65,0,0,82,2,2,1,2,84,2,2,3,56,0,3,3,3,26,3,3,3,2,0,0,3,1,3,2,2,2,15,0,0,0,98,1,1,1,2,3,2,2,1,0,0,2,1,0,1,2,1,2,2,1,0,0,0,0,51,3,0,3,3,1,1,3,2,3,3,0,0,3,0,3,3,3,3,2,2,2,2,2,1,0,71,2,0,99,0
Game 32 1655792994
17,3,0,3,0,0,0,3,3,0,99,0,1,2,2,1,1,2,2,3,0,0,1,1,0,1,1,0,1,1,0,30,2,2,3,3,2,2,2,2,3,2,2,3,2,5,1,0,3,0,3,3,0,3,0,3,0,65,1,1,1,1,1,1,10,0,0,3,2,2,2,2,3,2,3,2,3,2,95,1,1,0,0,1,0,1,1,1,1,0,0,41,3,0,3,2,3,2,2,3,2,3,2,48,3,3,0,1,1,0,0,3,0,1,0,0,1,2,1,2,3,2,1,0,1,0,0,0,3,2,3,3,3,2,3,3,2,2,2,3,2,2,2,3,75,0,1,1,1,1,1,1,1,52,2,3,3,2,2,86,3,3,0,1,3,0,0,1,2,1,1,0,1,1,95,1,2,23,3,2,2,2,3,0,3,3,3,0,3,2,3,12,3,2,30,2,3,2,1,18,0,3,1,1,0,0,1,0,0,3,3,3,3,3,0,3,0,94,3,2,2,2,2,2,1,1,2,1,1,2,1,1,1,1,0,0,1,0,0,37,3,3,0,3,3,3,3,0,0,58,1,0,1,31,1,1,1,2,2,2,2,2,2,2,2,2,2,2,1,2,2,3,3,1,3,71,1,3,0,1,0,0,3,0,2,1,1,1,1,1,2,1,2,3,2,2,2,2,2,43,3,0,3,3,0,4,3,3,3,3,0,93,0,1,1,1,1,2,1,1,0,3,0,0,1,1,1,0,1,2,2,2,2,20,2,3,2,1,3,3,0,3,2,3,67,3,3,0,0,0,1,2,2,1,1,1,0,0,0,0,1,0,1,37,0,3,3,2,82,0,3,0,1,2,1,0,2,2,2,2,2,3,1,3,3,3,3,3,3,3,2,2,3,50,0,0,0,0,0,0,2,1,1,2,3,3,1,2,3,2,0,2,1,2,2,2,42,3,0,0,83,3,3,2,3,0,2,2,3,2,3,1,1,2,1,1,1,64,0,3,3,61,0,3,2,0,3,0,1,0,1,0,1,1,2,1,0,2,2,2,3,2,1,0,3,22,2,3,3,3,0,3,2,1,1,73,1,2,1,1,1,23,3,3,3,3,3,7,3,3,0,0,0,45,1,2,2,2,0,1,2,0,92,0,3,3,0,1,1,2,1,2,2,2,1,1,2,2,1,67,0,3,3,3,0,87,1,1,58,2,1,0,2,0,2,61,3,2,2,2,1,0,0,0,1,1,1,2,2,2,1,1,2,2,3,82,2,1,1,3,35,0,0,3,3,1,0,3,0,3,3,1,1,1,85,1,0,0,3,2,3,2,1,1,1,1,0,3,1,91,1,2,2,66,2,0,0,2,3,3,2,3,3,3,3,3,0,0,0,0,0,2,2,2,24,1,1,0,0,3,3
Game 33 1655793197
74,0,0,1,1,35,0,3,3,3,3,74,2,1,1,1,1,17,0,3,3,2,2,1,1,2,1,2,3,3,0,0,0,0,0,3,3,3,3,0,3,59,0,1,0,1,1,1,16,2,3,3,3,2,2,3,70,2,1,1,2,1,1,1,2,2,2,2,1,96,0,1,0,0,0,0,1,0,29,0,3,2,3,2,3,3,3,0,0,0,3,0,83,1,1,2,3,2,1,1,2,2,1,1,2,28,3,3,3,3,0,3,0,3,0,0,0,22,3,2,2,2,2,2,1,2,10,3,2,2,57,3,0,1,1,1,1,1,74,2,2,2,1,1,28,2,2,3,0,3,3,0,0,0,0,3,0,46,1,1,2,2,80,1,2,3,1,2,2,2,1,2,84,1,3,0,13,0,3,0,3,2,3,2,3,2,3,3,35,0,1,1,46,1,94,1,1,1,1,0,0,1,2,2,15,3,0,3,3,3,3,3,3,0,3,21,2,2,2,2,1,46,1,1,2,3,1,1,1,1,70,1,2,2,2,2,1,2,3,65,0,0,0,3,0,58,0,0,0,3,93,2,3,0,3,2,2,3,2,2,1,0,0,2,1,0,2,3,3,3,2,1,1,1,1,1,1,1,0,67,3,3,3,0,0,0,98,1,1,1,0,4,0,2,0,3,2,3,0,3,2,3,0,2,2,2,10,2,2,2,2,23,0,0,1,0,53,1,1,1,37,0,0,0,3,3,0,93,1,1,1,1,2,2,2,2,89,2,2,2,0,0,3,2,3,3,2,3,3,3,0,1,1,1,3,3,3,2,0,0,0,1,2,1,1,1,0,0,0,15,3,3,3,3,3,3,3,3,2,2,2,1,80,1,2,2,2,1,1,1,1,2,1,1,1,2,35,0,2,0,3,0,3,2
Game 34 1655793329
82,1,1,1,1,2,3,3,0,0,3,3,3,3,3,3,2,2,16,2,0,1,1,1,0,3,3,0,0,0,3,0,77,1,1,1,0,1,1,1,61,0,3,0,3,2,2,2,2,2,2,1,2,2,70,2,1,94,1,1,0,0,0,58,0,3,3,3,0,0,0,3,40,0,3,2,3,2,1,1,3,2,2,2,2,2,2,67,1,0,1,0,3,0,0,0,0,1,93,2,2,2,2,1,1,51,2,3,3,3,2,3,86,0,0,0,0,0,1,1,1,31,0,1,2,2,3,0,3,2,3,3,2,3,2,46,3,0,0,1,0,1,2,0,3,6,3,3,3,3,67,0,1,1,1,1,1,1,96,1,2,1,1,52,2,3,3,3,2,2,2,3,9,2,1,1,1,1,2,0,3,0,1,0,3,0,1,1,1,2,3,1,2,1,0,1,1,0,3,3,0,3,0,3,2,2,1,2,3,3,3,3,3,0,0,0,0,0,0,41,2,1,0,1,2,3,1,1,2,2,2,2,2,3,2,69,3,3,3,0,0,0,0,0,0,1,0,0,1,1,1,1,8,1,2,1,0,2,2,2,2,2,3,3,3,0,1,1,0,3,2,3,2,2,3,0,0,0,3,0,0,3,3,3,0,57,0,2,1,1,2,1,65,2,2,68,0,0,0,63,1,2,2,2,2,3,2,79,3,0,3,0,0,0,2,3,2,2,2,2,2,1,2,1,0,0,1,1,1,1,1,0,1,0,0,0,0,3,0,1,23,3,3,3,2,3,0,2,2,2,2,2,2,71,1,1,1,2,1,1,2,70,2,36,1,0,0,0,3,3,3,3,0,3,0,20,1,1,2,0,1,1,0,0,3,3,2,3,3,3,3,3,2,3,2,2,2,2,2,2,1,39,1,1,0,3,3,3,1,1,1,1,0,0,1,0,3,0,3,2,2,3,0,0,0,0,0,43,1,1,1,1,1,1,3,3,3,3,3,2,0,1,2,2,2,2,2,2,3,3,3,0,0,0,3,27,0,0,1,0,3,0,71,1,3,3,2,2,2,2,2,2,2,2,3,2,1,1,1,1,2,2,1,2,2,2,2,2,2,0,3,55,3,3,0,0,0,0,98,3,3,2,1,3,3,0,0,0,0,0,3,3,0,1,1,1,2,1,0,1,48,3,3,3,3,2,1,1,2,3,2,3,0,0,0,0,41,3,1,2,2,52,1,0,15,2,1,1,1,2,0,0,0,0,3,0,58,1,0,0,0,1,2,22,2,2,1,2,3,3,3,3,2,2,1,0,1,2,3,3,3,2,3,3,3,3,1,0,1,72,2,0,0,0,0,0,3,2,2,2,2,2,0,1,1,1,1,1,1,2,2,2,2,3,2,2,3,70,2,1,1,2,77,3,3,3,3,3,3,1,1,1,1,0,3,3,0,0,1,0,1,1,1,0,0,1,14,1,0,2,2,3,3,2,2,86,2,2,0,0,0,1,1,1,1,2,3,0,76,93,1,2,1,51,2,2,2,3,3,3,0,54,0,0,0,71,1,2,2,2,55,1
Game 35 1655793556
74,0,0,1,1,19,1,0,3,0,3,3,2,3,2,3,0,0,0,0,0,3,3,49,3,1,1,0,1,1,16,2,3,3,2,2,3,57,2,2,1,0,1,0,0,1,79,0,0,1,1,38,2,2,2,3,0,0,3,3,32,2,2,2,2,2,2,61,1,2,1,1,83,2,1,0,1,2,0,3,50,2,3,2,3,2,43,3,0,0,1,3,95,0,3,0,1,1,2,1,1,0,1,51,2,3,3,3,2,2,3,90,2,1,1,1,54,3,3,3,3,3,0,3,11,3,2,3,3,2,2,2,3,3,1,67,3,1,1,1,1,1,1,0,0,78,0,1,89,1,0,5,1,2,2,3,2,2,2,3,2,3,0,3,0,0,1,2,3,3,3,3,3,3,3,11,2,2,2,2,1,98,1,2,1,0,0,1,1,2,3,0,1,0,3,3,3,0,1,1,0,1,1,0,1,0,0,57,0,3,3,3,2,2,92,2,3,2,3,0,3,3,3,2,2,1,0,1,1,1,2,1,1,1,1,2,42,3,3,3,3,3,66,3,3,2,3,2,3,1,3,0,1,1,1,1,0,1,1,33,2,3,2,3,3,99,0,3,3
Game 36 1655793646
34,3,3,0,0,69,3,2,1,0,3,2,1,0,1,2,2,3,2,1,0,0,1,0,3,2,2,2,3,2,1,0,0,1,0,3,0,0,0,0,0,1,0,1,46,2,2,3,2,3,80,2,3,0,0,3,2,2,1,2,1,2,1,2,2,1,1,2,1,99,0,0,0,3,0,0,1,0,0,1,0,0,28,2,0,3,2,3,3,3,20,3,3,0,1,2,3,2,3,0,2,2,2,2,2,2,3,2,3,2,60,0,2,0,1,2,82,1,1,0,0,65,0,0,3,3,0,22,3,0,1,0,0,3,2,0,3,2,2,2,2,2,3,2,2,3,2,2,3,28,1,1,0,0,0,5,3,0,3,2,1,2,32,2,1,1,1,42,1,92,1,1,1,2,1,2,1,68,0,0,3,3,0,0,0,0,3,33,3,2,2,3,2,2,2,3,52,2,1,1,50,2,2,16,1,1,1,1,0,0,3,0,0,3,3,3,0,3,3,3,3,72,2,1,1,1,1,2,1,0,43,3,3,3,0,88,2,2,1,1,1,2,3,0,3,2,1,0,0,1,1,0,1,0,1,1,1,0,0,1,70,0,1,3,1,2,2,2,2,2,3,48,3,3,0,1,1,1,0,0,0,0,0,0,3,3,3,19,3,3,3,0,35,3,2,2,1,1,1,47,1,0,1,2,2,2,1,1,0,44,3,2,3
Game 37 1655793750
44,3,0,0,53,1,2,12,2,3,3,3,3,43,0,1,1,1,78,1,1,1,0,0,0,0,0,53,3,3,2,2,3,2,1,2,2,14,3,0,3,3,1,2,3,2,1,2,3,30,1,75,1,0,1,0,3,0,1,1,0,1,0,50,1,0,0,3,2,0,3,2,2,1,2,2,2,3,2,87,3,0,0,0,0,0,1,1,1,0,0,1,37,0,3,3,2,2,3,3,0,69,1,1,3,0,1,82,2,2,2,2,2,1,2,2,3,20,2,1,3,3,3,3,3,32,0,0,1,89,1,1,0,1,0,0,0,0,0,1,0,1,8,1,3,1,2,2,3,3,2,2,3,0,3,0,1,3,3,0,3,3,3,0,3,0,86,0,2,2,1,1,1,1,1,2,88,1,0,0,2,1,0,2,0,2,3,2,3,2,2,3,2,2,2,1,2,3,61,1,1,1,0,1,46,2,0,1,2,0,3,2,3,3,0,0,3,0,0,97,1,2,2,2,0,0,1,2,2,0,0,3,2,3,0,1,3,3,2,1,3,3,3,2,1,1,1,1,2,2,1,2,1,0,0,0,0,0,0,3,2,1,3,3,3,3,3,3,3,56,1,0,3,0,0,1,1,0,1,1,1,34,2,3,3,31,3,2,2,2,72,1,1,1,1,0,54,3,3,0,3,0,6,2,1,0,3,3,1,0,3,3,2,2,3,0,3,3,3,86,2,2,2,2,2,2,1,0,3,0,0,0,1,1,2,1,0,0,1,0,1,9,0,0,0,3,3,3,3,3,3,3,3,51,2,2,2,1,1,1,1,0,46,1,1,1,2,1,3,3,0,0,3,0,3,3,0,26,3,3,13,2,2,2,2,2,3,54,0,3,2,0,0,1,0,3,1,88,2,1,1,0,0,0,0,0,0,1,29,0,3,3,3,3,3,65,3,3,1,1,2,2,1,2,3,0,0,3,2,3,2,2,1,1,1,1,1,1,2,2,1,0,0,0,3,82,1,1,2,2,2,2,25,2,2,1,3,0,1,3,2,1,2,2,3,3,41,0,3,3,2,2,2,2,2,1,2,1,1,0,1,42,0,27,1,0,0,1,0,0,1,2,3,2,1,1,0,2,1,3,3,3,35,0,1,1,1,2,2,2,2,2,1,0,0,2,60,2,1,0,0,2,2,2,2,1,2,2,82,1,1,0,0,30,1,0,0,0,3,2,2,3,1,0,3,0,3,1,0,3,3,1,2,3,2,2,2,2,1,2,3,1,72,1,1,1,1,1,0,0,3,96,2,3,3,3,3,1,1,1,1,1,1,0,1,0,0,79,0,3,0,1,57,3,2,3,36,3,3,2,91,1,2,2,1,2,0,3,2,3,2,1,6,3,3,3,0,1,2,0,1,0,0,0,0,0,0,3,3,3,3,3,3,3,2,3,2,2,17,1,0,68,0,1,1,1,53,1,1,2,2,2,3,3,2,9,3,0,1,0,1,2,1,0,3,3,2,2,3,0,3,2,2,2,1,1,1,1,1,1,1,1,0,0,0,3,3,3,3,42,1,2,1,2,2,2,3,3,3,0,22,0,3,0,1,0,3,3,2,2,26,3,0,0,0,1,47,0,65,2,1,0,1,3,20,3,2,1,2,1
Game 38 1655793986
84,0,1,0,1,1,61,2,3,2,2,3,7,3,0,0,3,3,0,3,3,3,0,0,1,0,0,3,2,98,1,1,1,0,1,1,1,1,0,0,1,1,58,3,3,0,3,3,55,2,1,2,3,5,0,3,3,3,3,2,66,2,1,1,1,0,1,1,0,1,77,1,0,41,3,3,3,2,2,2,2,1,2,2,96,3,0,3,0,0,0,0,1,0,1,2,1,1,1,1,1,1,93,2,2,2,57,3,0,3,2,3,3,0,1,0,3,0,97,1,1,1,1,43,2,2,3,0,2,3,3,3,69,3,0,3,0,1,1,2,1,3,0,1,0,0,99,1,1,1,93,2,2,2,2,2,78,3,0,0,0,0,0,44,2,3,3,2,3,24,3,3,13,3,2,67,3,0,1,1,1,1,1,1,61,3,3,0,3,0,1,1,2,1,2,2,2,2,2,2,2,3,41,3,3,5,0,3,0,3,3,3,0,0,7,0,0,19,0,0,22,2,1,1,0,1,1,2,2,2,3,3,2,3,0,0,3,2,2,3,62,2,1,1,1,1,0,94,1,1,0,1,0,74,3,3,8,3,3,2,2,0,3,2,3,3,0,6,1,1,1,1,2,1,1,2,2,1,1,0,3,1,0,1,2,2,3,2,1,2,3,3,3,3,3,3,3,3,0,0,0,0,0,81,0,0,0,1,2,1,1,2,1,2,2,1,2,1,2,2,2,1,16,0,0,0,3,3,1,0,1,2,1,0,2,3,3,2,1,2,3,3,2,2,70,2,1,2,3,1,1,1,1,0,1,2,57,1,3,1,3,0,1,0,0,3,0,1,3,3,2,2,45,3,2,2,27,3,3,0,0,21,0,0,3,3,1,2,2,2,2,2,1,2,64,3,3,2,1,1,0,1,0,0,0,32,3,3,3,2,2,55,1,1
Game 39 1655794121
91,1,2,1,1,1,44,2,0,0,0,3,3,3,3,0,87,1,0,1,0,1,0,1,93,2,1,2,3,2,1,99,3,3,3,3,0,1,0,0,0,1,1,0,1,0,41,3,3,2,2,3,2,2,2,2,1,2,3,2,97,3,0,0,0,1,1,1,1,0,1,0,1,0,83,3,0,3,3,2,1,2,2,2,1,44,1,2,3,3,3,0,3,3,0,75,1,1,0,1,93,2,2,1,33,2,3,3,3,0,3,3,22,3,2,77,1,2,1,2,1,1,1,0,0,3,3,0,1,1,0,0,0,0,2,3,2,2,2,3,2,2,3,3,3,3,51,2,2,0,2,0,1,3,0,0,0,0,0,3,2,3,3,2,3,3,2,91,2,1,1,2,1,1,1,2,1,0,1,2,1,93,3,1,39,0,3,2,2,3,0,1,0,3,2,0,0,3,0,0,0,74,1,2,2,2,1,2,2,22,2,2,3,3,3,3,3,41,2,2,1,0,27,2,0,2,0,2,0,0,3,3,0,1,1,0,3,2,0,3,3,3,3,3,64,2,1,1,2,1,2,1,48,2,2,3,0,0,2,2,1,1,1,1,0,0,0,0,3,0,3,3,0,92,1,1,1,2,2,2,2,2,2,1,12,0,3,1,3,2,3,0,2,2,2,2,1,2,46,3,2,0,2,0,0,0,0,0,1,0,14,3,3,2,2,3,15,72,1,0,1,1,1,1,0,3,2,2,2,1,1,1,1,1,1,1,11,0,1,0,3,0,0,1,0,0,0,3,2,2,2,2,0,3,2,3,3,3,2,2,2,0,69,0,1,2,3,1,0,3,1,1,2,3,3,0,0,0,0,0,3,0,3,3,75,2,1,1,2,3,10,2,1,3,3,0,0,1,2,3,3,3,2,2,2,2,2,2,3,3,1,3,99,0,0,0,1,0,3,0,0,0,1,1,1,1,1,1,1,1,41,2,2,2,2,2,2,2,2,3,0,3,2,3,34,0,0,3,0,38,3,0,0,0,0,1,81,2,2,2,2,0,0,1,0,1,2,1,0,0,1,2,3,2,1,3,2,68,1,3,3,3,3,3,3,0,0,1,2,0,1,2,1,1,0,0,3,0,0,0,0,38,3,3,3,87,0,1,2,2,1,14,2,2,2,2,2,0,3,0,0,0,1,32,2,2,2,0,56,1,0,1,0,0,0,24,3,2,2,2,99,1,0,1,1,1,0,1,1,0,1,58,2,2,2,2,2,3,3,0,1,0,0,3,3,1,3,2,3,0,3,0,1,3,2,0,0,1,1,1,0,10,3,2,3,2,2,2,2,2,2,2,90,3,1,3,2,1,1,1,2,2,2,2,2,2,2,2,80,86,0,0,0,0,0,0,76,3,75,2,74,2,63,2,3,68,0,0,0,0,1,1,30,3,2,1,2,2,2,3,3,2,2,2,15,3,0,3,2,0,0,0,1,61,0,3,1,0,3,1,1,2,2,0,3,2,0,44,3,3,0,0,1,2,0,3,2,3,3,2,38,3,0,0,0,0,88,1,1,1,1,1,66,3,2,3,32,3,0,1
Game 40 1655794347
63,0,1,18,0,0,0,3,2,3,2,2,3,2,3,3,0,0,1,0,0,0,3,0,66,0,3,1,1,1,1,2,1,1,32,2,2,3,2,3,3,2,35,1,2,1,0,0,3,0,3,0,42,3,2,2,1,2,1,92,1,1,1,1,1,5,0,3,0,3,3,2,2,3,0,3,3,3,0,3,2,3,0,75,0,0,1,1,2,2,1,1,1,1,1,16,2,2,3,0,3,3,3,0,3,0,19,3,0,1,0,3,21,1,2,2,1,2,3,3,2,2,2,2,2,31,1,72,1,1,0,1,1,43,0,3,3,0,3,2,46,2,0,0,0,1,91,2,0,0,0,3,0,1,2,1,2,3,2,1,2,2,1,2,1,2,96,3,3,0,2,3,0,3,0,0,0,1,1,1,1,0,1,30,0,0,3,3,3,2,3,3,0,0,3,2,3,2,3,2,2,1,2,2,2,2,3,3,2,66,0,0,1,0,0,1,0,1,0,90,1,0,0,3,2,2,2,2,2,2,2,1,0,2,1,1,1,1,0,1,2,79,0,0,0,0,1,0,0,0,0,1,1,1,0,1,1,85,1,1,2,2,2,3,87,0,0,64,0,3,1,2,3,2,24,3,3,3,3,81,0,0,0,1,0,0,1,1,1,2,2,2,3,2,1,2,0,50,2,3,33,3,0,3,0,0,68,0,1,1,1,0,0,0,0,19,0,3,3,3,3,3,1,3,2,2,2,2,1,2,3,1,2,3,82,1,1,1,1,1,1,3,0,84,1,0,3,46,3,3,0,0,3,3,87,0,1,1,1,1,33,2,3,0,2,0,3,2,3,0,3,2,1,2,2,2,2,1,2,3,3,2,3,84,2,1,1,1,1,1,0,1,2,0,0,3,13,0,1,0,0,0,3,2,1,2,0,3,2,1,1,3,2,3,3,3,3,3,29,0,3,0,0,0,1,0,3,1,1,1,1,1,3,3,2,3,2,0,1,0,3,2,1,2,2,1,2,3,3,3,3,3,3,2,3,2,22,1,1,0,83,1,1,1,1,1,0,96,1,0,0,0,49,0,0,0,3,3,3,3,77,2,1,1,1,2,2,3,0,3,3,2,2,1,2,3,3,3,2,2,2,53,0,0,0,1,1,27,1,1,2,1,0,1,0,0,3,2,3,0,2,3,0,2,2,0,0,67,1,1,1,0,1,2,3,62,3,3,3,3,1,2,1,1,0,1,2,2,2,60,2,2,86,1,0,0,0,0,0,0,20,0,0,0,2,2,2,1,2,3,32,0,0,1,97,1,0,3,3,1,3,0,2,1,2,3,2,1,1,1,1,0,0,0,0,75,3,2,2,3,61,0,3,0,3,3,3,0,3,1,1,1,1,0,58,3,3,3,3,0,3,0,0,0,1,2,3,2,2,0,0,0,1,1,1,1,0,3,0,3,0,3,83,0,3,3,0,1,1,1,0,0,3,79,2,2,3,3,3,3,0,0,0,2,2,1,1,0,3,1,0,1,0,0,33,3,3,3,3,3,3,3,3,3,3,88,0,1,0,1,0,0,0,71,1,2,3,1
Game 41 1655794573
4,3,0,0,3,2,3,3,3,0,10,1,2,2,2,2,53,3,1,1,1,1,1,0,44,3,0,80,0,1,2,2,2,2,1,1,2,84,1,3,0,1,3,6,3,2,2,3,3,3,3,0,0,3,0,3,0,3,99,0,0,0,1,2,1,0,1,1,2,1,0,1,67,3,3,3,50,3,2,2,3,2,2,2,2,2,1,24,0,0,1,1,0,3,3,3,3,3,99,0,0,1,0,1,1,1,1,1,0,0,1,94,2,2,86,3,0,0,21,2,3,0,3,0,3,3,2,3,2,2,2,2,2,10,2,3,94,0,0,0,3,0,1,3,0,0,1,2,2,2,1,2,2,1,1,1,1,1,1,0,76,3,0,3,0,32,3,2,3,0,3,0,1,0,0,3,2,0,2,2,1,2,1,3,2,2,23,3,0,70,0,0,0,2,3,0,0,0,1,1,1,1,2,3,2,2,2,3,2,1,1,2,1,2,1,2,2,95,1,1,3,1,0,0,59,0,0,0,0,3,3,3,55,3,2,1,2,2,2,52,2,2,2,19,1,2,3,3,3,3,0,0,3,2,3,0,0,0,0,0,0,15,2,2,2,2,85,1,0,0,1,0,3,1,1,1,1,1,2,2,2,3,80,2,1,2,2,2,9,3,3,3,3,3,3,3,0,0,0,3,0,0,0,0,0,0,23,1,1,1,1,1,1,2,3,2,2,2,2,3,3,2,3,3,75,2,2,0,1,0,1,0,0,37,0,1,2,2,2,2,2,3,3,2,1,3,3,3,3,3,3,19,3,0,0,3,99,2,3,2,1,2,1,0,1,1,2,3,3,1,1,1,2,3,3,3,3,2,1,1,2,3,3,2,1,1,1,1,1,0,0,0,0,0,0,0,0,74,2,2,2,2,2,3,10,0,3,3,2,1,3,3,3,3,3,2,2,2,3,69,0,0,0,0,0,1,1,1,1,1,92,1,3,3,2,3,0,3,3,2,2,2,0,0,0,1,2,2,3,2,3,3,2,2,3,2,1,0,2,1,0,2,2,3,2,2,1,2,48,3,2,1,3,3,3,3,3,3,3,1,0,3,0,0,0,0,0,0,1,1,1,2,28,3,3,69,3,2,1,0,1,1,0,0,66,2,2,2,14,3,3,3,2,3,0,54,1,1,0,1,32,2,2,3,3,30,2,2,99,1,1,0,1,0,0,0,0,1,0,0,0,0,1,85,3,2,1,2,3,94,1,11,3,3,2,1,2,2,3,3
Game 42 1655794754
5,0,1,0,0,1,2,3,2,3,0,0,3,3,3,3,3,10,2,2,2,1,2,1,2,3,27,0,1,1,0,0,0,0,0,53,1,0,1,0,3,2,2,2,1,2,2,2,1,1,27,0,0,3,0,3,0,3,92,0,3,3,0,2,2,1,2,2,2,1,1,1,2,1,1,2,52,3,3,3,3,25,3,2,3,0,0,0,3,0,69,1,1,1,0,0,1,0,0,27,3,2,2,3,3,45,2,1,2,1,14,2,3,3,0,2,80,2,2,1,1,1,1,1,1,2,1,1,2,47,3,3,0,3,0,0,0,0,0,1,0,75,1,2,1,1,2,3,3,2,2,2,3,3,3,3,3,0,3,37,0,1,0,1,0,0,1,6,0,3,0,3,2,3,2,2,34,2
Game 43 1655794816
74,0,0,1,1,99,2,3,0,0,1,1,2,3,3,2,2,1,1,0,0,0,0,0,1,0,0,32,2,2,2,3,2,2,3,3,3,2,2,3,11,2,3,3,2,0,3,78,2,0,3,0,1,1,0,1,1,0,1,0,0,0,1,92,0,3,2,2,2,2,1,2,1,2,1,0,1,2,77,3,3,3,0,3,3,3,0,1,1,0,1,0,1,0,58,0,3,3,85,3,2,2,1,0,1,2,1,71,2,3,2,2,2,45,3,3,0,3,0,0,0,41,0,0,1,1,2,3,1,2,3,2,3,2,48,2,3,0,0,0,1,0,0,1,0,0,3,95,3,0,1,2,2,1,2,1,1,2,52,2,3,0,2,3,2,2,3,13,0,3,3,3,3,31,2,1,1,1,3,66,3,3,3,2,1,0,3,0,0,0,0,1,71,2,2,2,2,2,90,2,1,3,3,1,0,3,0,1,0,3,2,2,3,2,3,3,3,3,3,3,2,71,2,1,0,1,1,1,2,1,1,2,56,1,2,1,3,3,3,0,3,0,50,3,3,3,2,2,1,0,1,2,1,2,3,2,31,3,0,3,1,2,3,3,23,1,1,1,1,63,2,0,1,2,1,1,1,2,1,60,2,3,1,2,72,1,0,0,97,0,0,1,0,1,0,0,82,3,0,1,3,2,1,2,2,3,0,1,3,3,2,2,1,2,1,1,2,1,1,83,0,15,3,0,0,2,3,3,3,3,3,0,1,0,0,3,78,3,0,0,1,1,2,1,0,0,1,1,1,1,11,0,1,2,1,2,2,2,3,2,2,1,0,2,2,2,3,3,3,3,3,3,0,3,71,2,1,1,1,2,0,1,2,1,62,1,37,3,0,0,3,2,2,0,0,0,0,16,3,3,2,29,3,0,0,1,46,1,2,1,1,2,3,76,1,28,1,0,0,3,0,1,2,3,2,1,3,2,1,3,3,3,0,0,0,3,0,0,0,0,0,85,2,2,3,0,1,2,1,1,2,1,1,2,2,66,0,64,2,2,22,3,2,1,2,3,1,2,2,3,3,3,3,1,1,0,27,3,3,0,0,0,0,0,0,1,2,2,15,3,2,2,37,1,0,0,57,1,1,39,0,3,3,23,1,2,3,2,3,3,3,3,3,98,1,0,0,1,0,1,0,0,0,21,3,1,2,2,2,3,3,3,3,3,3,0,22,0,62,1,1,1,2,1,0,0,1,1,0,0
Game 44 1655794992
42,3,26,0,3,0,0,3,0,10,1,1,2,2,2,3,3,3,2,2,2,15,3,1,0,0,3,0,1,55,1,1,1,1,40,2,2,2,3,2,2,16,3,3,0,0,0,0,0,3,0,60,1,1,1,2,2,2,2,1,2,1,2,53,1,0,0,3,3,0,3,0,0,0,0,0,1,1,2,2,1,1,2,3,2,2,2,3,3,3,3,2,3,3,3,2,86,0,0,0,0,1,0,0,1,1,21,2,2,2,3,3,3,3,3,2,3,3,3,0,0,3,72,2,0,0,1,1,1,71,2,29,1,1,0,3,3,0,3,3,3,0,0,0,0,3,3,0,55,1,2,2,2,2,50,1,1,2,2,2,2,1,2,3,3,3,3,3,3,0,3,2,0,35,0,1,1,1,0,95,0,1,1,1,1,1,1,2,99,3,2,1,2,3,3,0,0,0,2,3,0,2,3,0,0,1,0,1,1,0,0,1,1,1,40,3,2,1,2,3,0,3,3,3,2,2,2,2,22,3,3,0,0,63,1,0,0,0,0,1,3,3,0,1,1,1,2,2,2,3,3,1,1,2,99,1,0,0,0,0,1,2,1,0,0,69,2,3,36,3,2,1,2,3,3,94,2,3,2,2,1,0,0,1,1,1,1,43,3,3,3,3,3,72,1,1,0,2,8,2,1,2,3,0,2,0,2,0,3,2,0,0,0,0,0,0,95,0,2,1,2,1,1,2,2,2,1,1,1,1,1,0,62,3,0,1,3,0,0,3,2,3,2,1,3,2,3,3,0,3,3,3,3,2,1,1,2,1,1,2,2,1,1,2,2,81,1,1,2,61,3,3,70,2,1,30,0,0,3,2,2,3,3,1,1,1,1,0,0,3,3,3,3,3,3,3,2,3,2,1,1,2,1,2,2,2,2,2,2,1,3,0,3,2,28,1,0,1,0,0,3,2,2
Game 45 1655795130
70,1,1,2,2,76,3,0,0,0,0,0,0,1,72,2,2,2,2,67,1,0,0,3,0,3,0,0,17,3,3,3,3,3,90,0,0,3,1,2,1,1,1,0,0,1,1,2,3,2,2,1,1,1,2,2,2,1,66,0,3,0,3,3,37,3,3,0,3,65,2,2,1,1,1,11,1,0,3,0,3,3,3,2,2,3,2,2,2,3,2,88,3,2,0,1,0,0,0,1,0,3,0,1,1,0,1,0,1,29,1,0,3,3,3,3,82,3,2,2,2,1,1,1,2,2,1,2,1,1,2,1,70,2,1,2,77,0,0,3,3,3,0,0,1,0,1,1,0,1,1,0,78,0,53,3,3,2,3,0,3,3,3,2,2,1,1,1,2,2,1,20,0,0,0,2,2,2,1,0,1,0,3,1,0,0,3,3,3,3,0,1,3,3,0,3,2,3,2,3,0,3,2,2,2,2,3,2,16,1,1,0,0,1,0,0,0,0,1,0,0,3,3,2,2,3,3,3,3,3,40,3,2,2,2,2,1,2,3,1,1,13,0,3,3,0,3,49,0,2,2,2,1,1,0,3,3,0,3,0,0,0,1,81,2,2,2,2,2,1,2,2,1,2,5,3,3,0,0,3,3,3,3,3,0,0,17,0,0,1,57,1,1,1,1,39,0,3,3,3,3,3,92,1,2,1,0,2,2,2,3,2,1,70,3,2,1,0,3,3,0,3,2,3,3,3,52,1,1,1,1,1,64,0,1,0,22,3,3,2,3,2,99,3,1,1,1,0,1,2,1,1,0,1,1,0,0,0,83,2,3,3,2,2,3,3,0,1,1,3,3,2,2,1,2,2,2,1,0,1,1,1,2,2,1,12,1,2,3,3,3,3,3,3,3,3,8,0,0,0,3,2,2,1,0,1,2,0,1,1,2,1,0
Game 46 1655795264
57,0,1,0,0,0,3,0,77,1,1,86,1,2,22,3,3,0,3,2,3,2,2,3,2,2,3,30,2,1,2,28,1,0,1,1,0,0,3,0,3,3,0,3,0,0,0,66,1,2,2,1,1,1,2,3,3,2,1,2,2,3,3,3,3,2,2,3,61,0,1,2,1,1,2,1,1,2,80,2,1,1,25,0,3,0,0,3,3,3,3,0,3,93,2,2,3,2,1,1,0,1,1,1,1,1,68,0,3,0,0,0,3,0,3,41,2,2,3,3,2,2,2,2,2,11,3,3,3,13,0,0,58,3,2,0,0,0,0,0,0,0,0,94,3,2,3,3,3,2,2,2,1,2,1,2,2,1,1,0,3,1,1,1,1,1,0,35,3,3,0,3,2,3,3,0,86,1,1,1,1,1,33,0,3,3,3,3,2,0,3,2,2,2,2,1,88,1,2,1,2,1,1,0,3,3,1,1,0,0,0,1,0,78,3,68,3,10,2,3,3,0,3,3,3,0,3,1,2,3,2,2,2,2,2,62,1,1,1,1,0,0,1,91,2,2,0,1,2,75,0,0,3,0,3,53,2,3,2,3,32,3,2,3,89,3,0,1,1,1,1,0,0,1,1,0,3,3,2,2,2,2,3,2,2,3,97,0,0,0,1,2,1,0,0,0,1,2,1,0
Game 47 1655795361
14,3,0,3,0,3,3,8,0,0,0,3,0,35,1,1,2,2,2,1,65,1,1,1,96,1,0,1,1,98,0,0,47,0,2,2,3,3,3,24,2,3,2,2,3,43,2,1,1,76,0,0,1,0,1,56,0,3,3,2,74,3,3,3,0,0,0,3,2,2,1,1,1,1,1,1,1,0,64,3,79,3,3,0,1,1,0,0,0,0,1,52,2,1,0,2,2,2,3,3,2,3,2,3,70,2,1,1,1,1,2,10,3,3,3,89,0,0,1,2,1,0,3,0,1,0,3,3,0,1,1,1,0,1,0,0,1,1,74,1,3,3,2,3,1,2,92,1,0,1,2,2,32,3,0,3,0,2,3,3,2,29,3,0,0,0,0,0,0,0,76,1,2,2,2,1,2,1,0,1,1,78,0,0,8,3,3,0,1,2,1,2,2,2,3,3,3,2,3,0,3,0,3,0,0,3,3,0,78,0,2,0,1,1,1,2,1,52,0,1,3,1,2,3,2,3,3,2,2,3,20,2,3,3,2,3,32,0,0,1,6,1,3,3,3,2,2,2,0,0,8,0,0,47,0,1,1,1,2,2,75,1,2,1,2,1,63,2,2,3,71,2,1,2,52,3,3,3,0,1,21,3,3,3,2,2,31,1,44,2,3,3,1,3,1,0,1,1,2,1,94,1,0,1,1,1,1,2,1,2,24,2,2,2,2,0,3,2,3,3,0,3,3,2,0,1,2,0,78,1,1,2,1,0,1,0,1,0,0,0,27,3,3,3,3,3,2,67,1,1,1,1,85,2,0,2,0,2,1,3,1,3,1,2,3,4,0,0,3,2,3,0,0,3,3,3,2,42,1,1,1,2,1,2,81,1,1,1,1,2,70,3,2,73,1,0,2,8,3,0,1,1,1,0,0,0,3,3,3,3,3,3,2,1,2,3,0,0,36,2,1,0,61,1,1,2,3,2,1,2,1,2,76,3,3,3,2,1,1,0,3,0,3,0,1,0,83,1,2,2,2,87,2,0,3,74,0,1,3,3,3,3,3,3,3,1,2,3,2,1,0,2,1,2,1,2,2,1,1,2,1,1,0,13,0,0,1,3,0,1,1,3,3,3,3,3,3,2,2,2,1,2,66,3,2,1,2,1,1,1,1,1,0,0,0,0,43,3,2,2,2,68,0,0,0,0,1,1,70,3,2,1,3,2,2,2
Game 48 1655795531
9,1,0,0,3,3,2,3,0,1,1,0,1,2,2,3,3,0,0,0,3,0,3,0,3,3,0,49,1,1,1,35,2,2,2,3,2,31,2,2,2,2,89,1,1,0,0,0,0,0,3,0,3,2,3,3,2,1,2,2,1,2,1,1,0,1,0,1,0,0,0,0,1,1,0,65,3,2,2,2,1,2,5,1,2,2,3,0,2,3,0,3,3,3,3,0,80,1,0,3,0,1,2,2,2,1,1,0,0,1,2,1,2,2,3,2,1,1,2,2,2,1,67,0,0,0,0,3,3,0,0,0,18,3,0,3,3,3,3,41,3,2,1,1,1,1,2,2,2,1,2,3,2,95,1,1,0,1,0,0,1,0,1,91,2,3,1,43,2,0,0,3,3,3,0,12,3,2,3,3,98,2,2,3,1,1,0,1,1,1,0,3,0,1,0,1,1,0,1,1,50,3,2,3,0,3,2,2,2,1,2,2,3,68,0,3,0,1,0,0,0,1,0,1,0,0,1,1,1,0,2,0,3,2,1,1,1,2,3,2,1,1,1,2,1,2,3,3,2,3,2,3,3,0,3,2,3,95,1,3,0,1,2,1,0,1,1,0,1,1,1,1,96,0,99,0,0,0,52,3,3,3,3,3,3,2,2,1,0,2,2,2,2,2,2,1,56,0,0,0,0,34,1,0,1,2,2,3,1,2,2,2,1,1,2,3,3,0,1,0,0,3,3,89,0,1,1,1,1,0,0,0,1,73,1,3,1,3,3,3,2,26,2,2,3,3,0,1,0,0,3,0,3,3,50,2,1,1,2,2,2,1,33,1,0,3,0,0,3,0,1,0,0,1,0,3,3,3,2,2,3,3,2,3,2,2,72,3,2,1,1,1,1,1,7,2,1,1,3,1,3,3,2,3,3,1,3,3,3,0,3,3,3,45,2,2,2,2,2,1,2,3,0,0,0,3,0,0,2,0,85,1,1,1,1,0,62,0,0,3,2,2,3,3,3,1,0,3,3,2,0,0,3,1,0,1,0,1,1,2,2,52,3,32,0,3,2,67,3,0,0,1,3,0,1,1,1,1,0,0,0,0,3,0,0,15,1,2,2,1,0,3,1,3,3,3,3,3,3,3,2,2,2,1,37,0,0,0,1,2,82,1,0,2,2,2,2,1,1,2,1,21,0,0,3,0,0,0,3,0,1,0,2,2,2,2,2,0,1,65,0,3,0,1,2,1,1,0,1,0,50,0,0,3,2,2,2,0,0,0,1,2,2,2,2,2,3,2,3,2,39,3,0,0,3,0,1,0,3,0,0,0,0,1,0,3,1,26,2,0,3,1,2,2,2,2,3,2,3,0,3,2,3,3,0,0,3,0,0,57,0,1,1,1,56,2,77,1,1,0,34,3,0,2,0,3,2,3,3,3,3,0,1,2,1,1,1,2,2,2,3,3,3,3,3,3,3,7,0,0,0,0,0,0,62,2,2,2,2,2,1,2,1,1,1,1,94,1,1,1,2,1,1,1,2,2,81,2,2,2,2,65,3,0,0,3,11,2,2,0,3,0,3,0
Game 49 1655795757
26,3,0,3,3,0,0,0,12,1,1,1,2,3,3,2,3,2,3,2,50,1,2,1,2,1,1,93,1,1,0,1,2,0,71,3,2,3,2,23,1,2,1,3,3,3,3,0,3,3,3,17,0,0,0,3,0,84,1,1,2,1,2,2,1,1,1,1,98,1,0,3,0,1,0,9,3,2,3,3,3,0,3,3,0,3,3,63,2,1,2,1,1,1,2,2,1,2,1,66,0,0,3,1,85,1,2,1,41,2,3,2,3,3,3,2,93,1,1,1,1,1,0,3,90,3,3,3,2,3,3,0,0,1,1,0,0,1,0,0,3,3,2,3,3,2,2,1,0,1,2,3,2,3,3,2,2,1,2,1,1,1,1,1,42,3,0,3,2,3,3,3,3,3,3,3,27,0,0,1,0,0,1,64,1,2,2,2,1,1,1,20,0,1,0,0,3,2,3,0,1,0,3,3,3,2,3,0,1,2,3,2,2,2,2,2,1,88,0,1,1,2,1,0,0,3,0,0,0,3,0,1,1,1,1,1,0,0,68,3,3,34,0,1,3,3,3,3,3,3,73,2,1,1,1,0,2,9,2,3,3,3,3,2,3,0,0,0,3,0,0,3,0,0,0,90,2,2,1,2,1,2,2,2,1,1,1,1,2,2,1,2,13,3,0,1,3,3,3,3,0,99,0,1,2,0,1,2,2,2,1,1,1,0,1,0,0,0,0,0,50,3,2,3,0,3,3,3,2,1,1,1,3,2,2,1,2,2,2,2,2,1,52,0,0,63,1,0,56,3,1,0,3,32,1,1,2,1,2,2,1,0,3,0,1,0,3,2,1,3,2,2,2,2,2,3,41,2,1,92,1,0,1,1,1,1,55,2,0,2,3,3,3,0,0,0,0,0,0,0,0,2,2,2,1,1,1,1,2,15,3,3,2,3,0,57,1,1,1,0,1,0,0,0,3,62,0,3,2,0,3,0,2,2,2,2,2,2,3,3,1,89,1,1,0,0,1,0,3,0,0,0,14,3
Game 50 1655795906
77,1,1,1,2,3,3,0,0,0,0,0,0,1,29,1,2,3,3,3,0,0,3,3,0,3,11,2,2,2,2,2,2,3,2,2,83,1,0,1,0,1,1,1,1,1,22,2,1,0,3,3,3,3,3,3,2,2,3,87,0,0,3,0,1,0,1,1,1,1,1,1,0,71,3,0,3,2,2,2,1,2,2,2,2,1,24,0,0,0,0,3,3,3,3,3,2,61,3,2,1,1,2,1,2,1,1,30,2,3,22,0,0,92,0,1,2,2,1,1,1,2,1,86,0,0,0,0,3,46,3,3,3,3,77,0,1,1,1,6,0,3,3,3,3,3,3,2,2,3,42,0,2,3,2,3,2,2,2,2,3,2,84,3,2,1,1,0,0,0,1,1,5,2,1,0,3,3,3,3,0,3,3,3,3,3,2,47,1,1,2,1,0,1,1,2,3,3,2,2,1,1,1,2,3,3,0,1,0,0,0,0,1,0,39,3,0,3,0,1,26,2,2,1,2,3,1,2,2,3,0,0,3,0,91,0,2,2,2,1,1,1,1,1,1,2,2,1,1,75,3,1,0,3,2,0,0,28,3,2,2,0,0,3,0,3,3,0,6,3,0,3,1,3,41,2,1,0,1,1,2,2,3,2,1,23,2,3,0,3,2,0,1,29,1
Game 51 1655796005
33,3,3,0,13,3,3,11,2,2,40,1,1,2,1,38,0,0,1,1,2,3,3,0,0,0,0,0,0,0,3,0,32,1,1,1,2,3,2,2,2,3,3,2,2,95,1,0,1,0,1,0,1,1,98,0,0,0,28,0,2,2,3,2,3,0,3,3,3,0,3,62,3,2,2,3,0,2,2,1,1,1,2,2,2,2,2,33,3,0,0,3,3,2,20,1,3,3,2,1,2,3,2,3,1,3,37,1,1,0,0,0,1,0,50,1,2,1,1,2,2,2,2,2,2,3,54,0,3,0,1,0,82,0,2,2,3,3,0,1,0,0,1,1,0,1,1,1,2,2,2,2,1,2,72,3,92,2,1,2,1,9,3,0,0,0,3,3,3,3,0,3,3,3,3,95,2,2,2,2,2,1,0,0,1,2,1,1,1,1,1,1,1,0,51,3,0,1,0,0,2,2,2,3,0,3,2,2,3,2,2,2,1,2,64,1,0,0,3,16,0,2,2,1,0,0,0,0,0,1,2,3,2,1,0,3,2,0,0,3,0,0,3,0,3,0,3,40,0,1,1,2,2,0,1,0,1,2,2,3,3,2,2,2,3,3,1,3,3,3,3,9,1,0,3,0,0,0,0,0,0,91,2,1,0,1,1,2,1,2,3,3,2,2,2,2,3,3,2,1,1,1,1,1,1,2,1,83,0,0,3,2,14,0,3,2,1,0,1,0,0,3,2,2,2,3,2,3,3,0,3,2,2,2,2,62,1,1,1,0,1,0,1,9,1,0,0,3,3,0,1,0,0,3,2,3,2,0,3,3,0,0,0,3,11,2,2,2,1,2,57,3,1,1,0,0,0,0,1,0,1,0,0,3,3,13,3,2,2,3,2,1,3,3,70,0,0,1,2,2,1,1,1,1,1,2,2,2,2,2,2,2,3,3,2,1,44,3,3,1,1,1,2,1,2,2,2,55,1,0,41,0,1,2,2,2,3,2,3,2,14,1,1,0,2,1,1,2,3,3,3,0,0,0,1,17,0,3,0,1,78,0,3,1,1,1,1,1,2,12,1,0,2,2,2,3,2,1,2,3,3,3,3,3,3,3,34,0,2,0,0,47,0,0,0,1,87,1,1,1,1,43,2,0,3,3,2,2,25,2,0,0,1,2,1,0
Game 52 1655796172
64,0,0,1,97,1,0,1,0,0,1,83,2,2,2,3,41,2,3,3,3,2,3,68,0,3,3,0,0,1,1,0,0,1,0,1,0,11,1,1,0,1,3,2,3,3,3,2,2,2,3,3,2,3,2,3,5,2,3,1,3,0,82,1,2,1,2,1,1,1,1,2,1,75,0,0,0,3,16,2,3,0,3,3,0,3,3,32,2,1,2,2,1,90,0,0,0,1,1,2,3,1,1,2,1,1,2,2,88,0,2,3,3,0,0,0,1,1,1,0,1,0,0,0,0,16,1,0,3,2,2,3,3,3,3,3,2,56,1,1,1,1,50,2,3,2,1,2,2,2,2,13,3,0,0,0,3,3,84,0,0,0,1,2,1,2,1,1,1,1,1,92,2,1,2,71,3,3,2,41,3,3,3,33,0,1,1,3,13,3,3,10,2,2,2,88,3,0,1,2,1,0,0,1,0,1,1,0,1,1,20,2,2,2,3,2,3,3,3,2,3,3,2,2,2,2,3,3,1,3,19,0,0,0,0,1,0,3,84,2,1,2,3,2,1,0,2,1,2,1,1,1,47,2,1,0,3,3,3,0,3,3,98,1,1,1,1,1,5,0,3,2,3,0,2,2,2,2,2,2,90,2,1,1,0,3,1,1,1,0,3,0,1,1,1,1,0,0,3,3,2,3,0,3,0,3,3,0,3,1,1,2,2,0,0,2,2,2,1,1,1,1,1,0,1,1,2,1,65,3,3,0,3,0,0,18,3,2,3,0,3,0,3,0,0,3,32,3,2,2,1,1,1,2,3,10,2,3,3,3,2,49,1,0,1,2,0,1,2,3,0,1,0,0,0,0,0,2,3,0,3,3,84,3,3,3,2,2,1,0,1,1,1,1,1,2,2,35,0,0,2,3,3,3,32,2,2,2,72,1,1,1,1,50,2,2,3,3,1,3,3,3,3,3,96,1,0,3,0,1,2,0,0,3,0,0,3,0,1,1,1,1,1,2,2,1,0,0,74,2,2,3,3,33,3,2,3,3,3,5,2,3,2,3,0,14,1,34,1,91,1,1,3,3,0,0,0,3,3,3,0,1,1,1,1,1,2,2,2,2,2,2,2,42,2,3,3,3,0,3,53,0,1,6,1,1,0,3,3,0,1,2,3,3,3,0,3,2,0,3,0,3,3,23,2,1,2,1,18,2,1,2,2,3,3,0,3,0,1
Game 53 1655796344
82,1,1,1,12,0,3,3,3,3,3,3,2,3,85,2,2,3,1,2,2,3,0,0,1,2,1,0,1,1,1,1,1,0,1,13,2,2,3,2,2,3,3,3,0,0,3,3,3,68,0,0,1,1,2,3,2,1,0,2,1,0,0,0,0,1,0,0,46,3,2,2,48,3,0,0,1,30,1,2,2,2,2,1,2,1,0,0,1,0,0,3,0,1,3,2,2,3,2,3,3,2,3,2,2,3,27,3,0,0,0,0,0,0,0,54,0,1,2,2,1,1,2,2,48,1,0,0,0,3,3,84,3,2,2,1,1,2,1,1,1,88,1,0,0,3,0,1,0,2,10,0,3,2,2,3,2,2,2,2,3,2,2,3,3,2,16,3,0,0,0,0,1,7,0,3,96,0,2,2,2,2,3,2,2,1,0,1,1,1,1,1,1,0,1,0,0,24,3,2,2,3,0,3,2,3,13,2,3,1,2,2,3,16,0,1,0,8,3,0,1,0,3,37,2,1,2,82,3,2,1,0,1,2,3,1,2,1,2,1,1,96,1,0,0,0,0,78,0,0,0,2,3,29,0,3,3,2,3,0,20,3,2,1,2,2,2,2,2,2,2,68,1,1,0,1,1,0,0,0,0,0,0,3,0,35,0,3,3,2,1,2,2,3,0,12,2,2,2,2,3,97,2,1,1,0,0,1,0,0,0,1,0,1,1,20,2,3,2,3,0,2,2,2,3,3,3,27,0,0,0,0,1,0,1,52,2,2,3,2,2,2,1,1,1,72,0,3,2,3,1,1,1,1,2,2,1,83,1,0,61,1,2,3,2,3,0,3,78,0,1,2,0,3,1,1,0,1,1,0,1,0,0,75,1,2,2,2,3,7,1,1,0,3,3,3,3,2,3,0,15,2,2,1,52,1,2,3,2,1,0,2,1,1,1,55,0,0,0,21,0,1,1,3,3,0,1,2,2,3,0,2,2,3,3,3,3,44,3,3,0,1,2,0,0,2,2,2,2,2,9,1,2,3,3,0,0,0,0,0,0,3,3,83,1,1,2,2,2,3,0,0,0,2,2,2,1,0,3,0,1,1,1,1,1,0,93,1,67,0,0,0,3,3,3,0,98,1,1,1,46,3,3,3,3,2,3,2,84,1,1,1,1,59,2,0,2,3,1,0,0,3,0,3,2,2,2,1,2,2,2,2,2,3,1,1,31,1,2,2,2,3,3,3,3,2,3,3,20,3,2,70,1,74,0,1,1,2
Game 54 1655796523
10,3,2,2,3,3,3,61,0,1,1,1,1,1,30,2,3,3,51,0,1,1,27,0,0,0,3,0,0,3,0,3,7,3,3,24,2,1,1,2,1,3,0,2,2,16,1,0,0,0,3,0,67,1,1,1,0,1,1,55,2,3,23,3,3,2,3,2,62,1,1,0,2,2,1,47,1,2,3,3,3,2,3,0,0,1,0,0,0,0,48,0,25,3,2,2,2,3,18,0,0,0,3,75,2,2,3,0,1,2,2,2,1,1,2,2,3,3,3,0,3,3,3,2,3,2,2,2,78,2,2,0,1,1,0,1,1,0,1,0,0,0,0,0,1,44,2,2,2,1,2,2,2,1,2,3,3,0,3,3,3,0,1,0,3,58,0,1,0,0,0,18,0,3,3,2,3,3,43,0,3,1,1,2,2,2,1,2,1,22,3,3,64,0,2,2,1,1,1,1,1,0,0,0,69,3,3,3,0,0,1,0,1,1,79,1,46,2,3,3,3,4,2,1,0,1,2,2,3,2,2,3,3,0,3,0,3,3,3,3,0,62,0,1,2,1,0,3,1,0,1,1,1,2,3,3,2,2,2,2,79,2,3,0,0,3,3,2,2,1,0,1,3,1,1,0,1,2,1,0,1,0,1,0,0,0,68,3,2,93,2,2,3,3,0,1,1,3,3,3,0,3,2,1,2,3,2,1,0,0,1,1,1,0,1,1,2,2,2,89,2,3,0,0,0,2,2,3,2,3,2,3,0,3,2,0,3,2,1,0,1,1,2,1,0,1,1,3,0,1,1,0,0,0,1,25,1,3,1,3,3,2,2,3,3,1,1,1,0,0,1,2,0,0,0,3,0,3,0,63,1,1,2,2,0,3,1,0,1,1,2,2,3,2,2,3,3,0,1,2,3,3,3,3,18,0,0,0,0,0,0,0,0,2,41,2,2,2,2,2,2,2,1,1,87,0,3,2,1,0,1,1,1,0,1,0,1,59,0,3,3,3,0,30,1,3,3,3,3,2,2,2,2,3,39,3,1,0,3,0,0,0,0,1,0,3,1,71,1,3,3,2,1,0,1,0,0,1,1,1,2,2,2,2,2,2,2,2,0,3,86,0,1,0,0,0,32,3,3,3,3,3,2,2,2,13,3,0,3,65,0,0,0,0,0,3,0,2,2,1,0,0,1,1,1,1,1,2,2,0,0,1,3,0,3,0,6,0,3,2,2,2,3,0,0,3,3,3,0,0,3,87,0,1,1,1,1,2,1,0,63,0,1,2,2,2,0,3,0,1,3,3,48,0,0,0,3,0,0,3,3,0,0,0,1,1,1,2,3,20,3,3,2,0,1,0,1,0,1,1,3,1,2,3,2,1,2,2,2,3,3,3,3,3,3,82,0,1,1,1,1,1,1,32,3,3,3,3,3,54,0,1,1,0,77,3,3,0,3,3,0,3,0,1,3,1,1,1,1,1,0,3,22,3,2,3,0,3,2,2,2,2,1,1,2,3,3,0,3,0,37,3,0,0,1,2,0,0,3,0,0,51,3,2,2,0,3,0,1,3,2,0,1,1,2,1,0,1,3,1,2,2,3,3,2,1,2,1,0,2,0,2,3,0,2,3,2,3,3,0,3,0,52,1,1,1,0,0,0,1,1,2,3,1,76,3
Game 55 1655796767
78,3,0,0,3,2,1,2,3,0,3,3,0,1,1,2,2,3,2,1,0,1,0,0,3,2,1,1,2,3,0,1,2,3,0,0,1,1,0,0,1,0,0,73,3,3,2,1,2,2,2,2,1,2,0,0,0,3,2,2,3,2,1,1,1,0,3,0,3,0,1,1,0,0,3,2,2,3,2,3,3,3,3,3,3,2,2,2,40,2,2,0,1,2,1,83,1,0,1,0,1,1,0,43,3,3,3,3,13,3,3,3,77,0,0,0,0,1,1,1,1,1,1,78,0,56,1,2,2,3,3,3,84,2,1,1,1,2,17,2,2,3,3,0,1,0,3,3,3,0,0,3,67,0,1,1,2,2,1,0,1,94,1,1,2,2,1,2,20,2,3,0,3,3,0,3,3,2,2,2,2,3,2,59,3,3,0,0,1,0,0,0,0,0,1,1,1,1,0,77,3,1,0,1,0,1,1,1,1,0,1,95,1,2,1,2,80,2,2,2,2,2,41,3,3,3,3,0,76,1,1,1,1,0,0,0,0,24,3,0,3,2,3,2,2,3,3,17,0,0,3,0,68,1,1,1,1,1,87,1,2,30,2,2,3,3,0,0,2,1,3,2,3,2,2,2,3,97,3,0,1,0,0,1,3,3,0,3,3,0,1,1,0,1,2,2,1,1,0,1,1,1,24,2,2,2,3,2,2,3,2,3,3,0,0,3,3,3,0,68,0,0,0,1,1,1,1,1,7,1,1,1,3,2,87,1,3,2,1,1,2,1,0,0,0,1,1,0,1,0,0,1,1,93,1,2,2,2,2,50,2,3,2,1,3,3,68,3,0,0,1,2,1,3,0,2,3,0,3,0,0,24,3,3,2,3,3,2,2,2,49,2,3,0,3,0,1,3,1,0,1,2,31,1,1,2,2,2,3,3,2,2,2,3,3,3,3,2,82,1,1,1,1,1,0,84,0,0,30,17,0,3,2,0,0,0,0,0,1,86,1,1,1,1,1,1,1,2,45,3,3,2,3,3,8,3,2,1,1,2,1,0,1,1,2,3,2,3,2,3,0,3,3,0,3,0,0,0,3,3,0,1,0,3,31,2,2,1,0,3,1,1,2,1,0,2,2,2,2,2,2,2,3,3,3,3,3,0,56,1,0,0,0,0,0,1,67,0,0,34,1,1,2,3,0,2,1,1,2,3,0,2,3,0
Game 56 1655796942
