Output dimensions: 3 x 6 x 6
Conv dimensions: 3 x 3
Snake Weights:
0.00105119 -0.0523596 0.0285596 	-0.0322507 -0.0237436 -0.0430612 	-0.0128452 0.0425826 0.0251835 	
-0.116834 -0.0923598 -0.056633 	-0.116098 -0.0962875 -0.0930453 	-0.0969835 -0.0636365 -0.139146 	
0.0086946 0.0449707 -0.0237214 	0.00781317 0.0370934 -0.0264503 	-0.00845069 0.0116079 0.024385 	

0.0132523 -0.0133982 0.0374833 	0.0289719 0.0302196 -0.00321835 	-0.0200922 0.0368483 0.0292627 	
-0.1033 -0.157268 -0.105894 	-0.150325 -0.14186 -0.0994557 	-0.0165334 -0.0296744 -0.0736045 	
0.0239991 0.0420667 0.0253599 	0.0283095 0.0508656 -0.0213218 	-0.00115915 0.0342728 0.025835 	

-0.0182182 -0.0406481 0.0286743 	0.0228737 -0.0220642 -0.0286544 	0.00165354 -0.0169814 -0.0380149 	
-0.104694 -0.105949 -0.129456 	-0.0504385 -0.100816 -0.128387 	-0.088023 -0.152068 -0.0537074 	
-0.00182035 0.0197562 0.0289317 	0.000690299 0.013892 0.0330424 	0.030425 -0.0305842 0.0544156 	

0.00175379 0.0241236 -0.00689688 	-0.0206717 -0.0164556 0.0440364 	-0.029878 0.0036439 -0.0419265 	
-0.10677 -0.0847856 -0.0665679 	-0.119634 -0.128614 -0.11229 	-0.11553 -0.0916363 -0.1223 	
-0.036379 -0.0239977 0.0494727 	0.0394988 0.0455607 0.0313661 	0.0571383 -0.00283898 0.00943651 	


Pos Weights:
-0.02728 -0.022905 -0.00689423 	0.0444047 0.0538779 0.0216565 	0.0315766 0.0398595 -9.06862e-05 	
0.00719708 0.00658838 -0.0294483 	-0.019211 -0.0298187 0.00833503 	0.0417942 -0.0578197 -0.0127607 	
0.0300355 0.00340392 0.0265728 	0.0386729 -0.00381853 0.0243249 	-0.0170658 0.0376547 0.00599498 	

-0.0201553 0.0365262 -0.0322007 	0.0059296 -0.0412905 -0.0382487 	0.0567147 0.0380318 -0.0340536 	
-0.0579828 -0.0120793 -0.0451233 	-0.0963885 -0.0711264 0.00537922 	-0.0860869 -0.0943134 -0.0397206 	
-0.0317276 -0.0424392 -0.0569591 	-0.0350756 -0.020964 -0.0282698 	-0.0513994 -0.0239037 0.019382 	

-0.0500804 -0.0444677 0.000255481 	-0.00423613 0.000586152 -0.000864774 	0.0394445 -0.0473712 -0.0332882 	
-0.203581 -0.265803 -0.142934 	-0.246649 -0.314192 -0.20737 	-0.188338 -0.264815 -0.214021 	
-0.0397988 -0.0340796 -0.0194902 	-0.0131983 -0.0250922 -0.0182864 	-0.0179641 0.0205462 0.0366274 	


Param Weights:
0.0294789 1.18401 -0.290333 
-0.123576 -2.40669 0.674124 
-0.0262584 -0.0802148 -0.0279591 

Bias:
-0.012017 0.586085 -0.372915 
Layer 0:
Input dimensions: 3 x 6 x 6
Output dimensions: 4 x 4 x 4
Conv dimensions: 3 x 3
0.0235818 -0.05571 -0.00449034 	-0.0165498 -0.0639399 -0.024724 	-0.0170068 -0.0242581 -0.0360525 	
0.0454972 -0.00896729 0.0307961 	0.0257385 0.0139481 -0.0374136 	-0.0139111 -0.0417731 0.0303195 	
-0.0388512 -0.0411122 -0.0465364 	-0.0603466 0.00495435 -0.00389304 	0.0136098 -0.0406805 -0.0565237 	
0.0122353 0.0206164 -0.0382588 	0.0354339 -0.0394425 0.0180831 	0.0082316 -0.0488021 0.00588546 	

-0.401985 -0.416469 -0.413275 	-0.393069 -0.370362 -0.44445 	-0.415948 -0.392522 -0.44033 	
0.0296798 -0.00744301 -0.0463001 	-0.0375398 -0.0176252 -0.00372406 	0.0445042 -0.0471835 2.00654e-05 	
-0.247094 -0.209199 -0.137753 	-0.278012 -0.29312 -0.212861 	-0.183451 -0.221651 -0.150265 	
-0.0192442 0.0503043 -0.00921495 	-0.0118209 -0.0121868 -0.0394739 	0.0170239 0.0459565 -0.0379708 	

0.0226182 0.0297662 0.0514679 	0.112207 0.069134 0.0189024 	0.0309377 0.0892928 0.0373499 	
0.0482938 0.0437539 0.0440444 	-0.00986927 -0.0193135 -0.0200889 	0.0248542 -0.0396715 0.0190404 	
-0.0360584 0.00216291 0.0431405 	-0.0354294 -0.000689193 0.0417918 	0.0247947 0.0478437 -0.0103983 	
0.0407332 0.0346216 0.0484053 	0.011004 0.0022584 0.0313375 	-0.00730909 -0.0192354 -0.01598 	

0.174707 -0.00809961 0.539204 -0.0345539 
Layer 1:
0.0580058 -0.00545872 0.0256563 0.0558764 -0.0470206 -0.0379684 0.0327928 -0.0171754 0.0181059 0.0934295 -0.030646 -0.0420818 0.00360877 -0.0262089 0.0226029 0.0191542 -0.00869382 0.0374864 -0.00528595 -0.0273651 -0.0408846 -0.00542242 0.0249405 0.025532 0.0190976 0.00186959 0.0583265 0.0437755 -0.0142466 0.0166417 
0.0522992 0.0676168 -0.0418272 0.0106056 0.0191665 -0.0774305 0.0227705 -0.027702 0.0705304 0.0697948 0.0209572 -0.0407996 0.0473972 0.0215173 -0.00195481 -0.0563827 -0.0283203 0.0030754 -0.0652297 0.00168086 -0.038529 -0.035563 -0.00270059 0.00506237 0.0227142 0.0243594 0.0121213 0.0134496 0.0570852 0.0512041 
0.0710902 0.0357551 0.026741 -0.0281427 -0.0322956 -0.0454337 0.0291386 0.0132147 0.00150085 0.0970799 0.0360067 0.0308282 0.0328248 -0.0198385 -0.00680099 -0.0068078 -0.0108685 0.0271685 -0.0428267 -0.0475521 -0.051127 -0.0240672 -0.012108 0.00865649 0.0248748 -0.0237272 0.0062365 0.0898279 0.0297301 0.104242 
0.0315703 -0.0244238 0.0412755 -0.0119076 0.0176721 -0.0497458 0.0273595 0.0271689 0.0813419 0.0999753 -0.0250799 0.0351224 -0.0124987 -0.0115252 -0.0376438 -0.0614431 -0.0190248 -0.0444139 -0.0469703 -0.0456493 -0.0294959 0.0490893 0.0281416 0.00173309 -0.0311909 -0.0206062 0.0343199 0.0711941 0.0464247 0.026397 
0.0663585 0.0418273 0.0448138 0.0434474 0.0466707 -0.0522286 -0.0352007 -0.0379628 0.0837487 0.0510138 -0.00795476 -0.0222924 0.0313129 0.0361366 -0.0409804 -0.0452197 -0.00618895 -0.000946589 -0.0986384 -0.0289898 -0.00521611 0.0094714 -0.00521459 -0.0409745 -0.0371383 0.0241367 0.0751974 0.0523452 -0.000957494 0.0763977 
0.0301605 0.0777581 0.0317618 -0.0222892 -0.0418143 -0.0264724 0.048591 -0.0425918 0.0552292 0.0651033 0.0418375 -0.0209098 0.0477155 0.0216403 -0.0161422 -0.0734788 -0.0398633 0.00792439 -0.0595805 -0.068947 0.0412115 -0.0226973 0.00986554 -0.00413423 -0.0419594 -0.00990474 0.0515462 0.0568722 0.000166613 0.107042 
0.0486548 -0.0118825 0.0333391 0.0439688 0.0253395 0.00934356 0.00346008 0.0315823 0.0490618 0.0798859 -0.0276219 -0.0482732 -0.0024887 -0.00172695 -0.0459697 -0.0427081 0.0214352 0.0496051 -0.103913 -0.0689588 -0.0124621 -0.0150994 0.017657 -0.0267836 0.0465544 0.0368827 0.0347803 0.0282211 0.0618087 0.0557409 
0.050064 0.0694559 -0.0448861 0.0128765 0.0452972 -0.041418 -0.0121539 -0.0161507 0.000917346 0.0969562 0.0294328 -0.00981029 0.0030512 -0.0230815 -0.0203411 -0.00370983 -0.0307309 -0.0331645 -0.0435062 -0.0612538 0.034246 0.024967 0.000819027 -0.0324851 0.0351908 0.0289422 0.0367525 0.0373267 0.0437572 0.0516399 
0.0505886 0.0277706 -0.0371512 -0.000544468 -0.0374076 0.0203946 -0.0297172 0.0314096 0.0183324 0.0364716 0.0420531 0.0221851 0.0572176 0.00851531 -0.0177423 -0.0400527 0.0247486 0.0394539 -0.102506 -0.0756061 -0.0231281 0.0156003 0.0152233 -0.0446983 -0.0370313 0.0150734 0.0365863 0.0385123 0.00258973 0.0402194 
0.0662267 0.0407797 -0.0374504 0.016732 0.000588178 -0.0736408 -0.0181829 -0.0350927 0.06434 0.048282 -0.0225309 -0.00865029 -0.00886114 -0.0359001 0.0389757 -0.0381129 -0.0107411 -0.0138164 -0.0762351 -0.074053 0.0149508 0.0485447 -0.0142942 -0.00520814 0.0477261 -0.00502697 0.0220023 0.0793222 -0.0330016 0.0694902 
0.0853391 0.00780763 -0.0355106 0.0196883 -0.0170678 -0.02689 -0.0282622 -0.0173906 0.0564828 0.0231323 0.0341386 -0.0488524 0.0275534 0.0329456 0.0496162 -0.0625301 -0.00527585 -0.0318776 -0.107158 -0.0737132 -0.0195464 -0.0113217 -0.00582969 0.0145034 0.0340403 -0.0318983 0.0654919 0.045167 0.0628121 0.102878 
0.0162246 0.0461434 -0.0190182 0.0550853 -0.0289664 -0.012093 0.0332528 -0.0101307 0.0408833 0.0605937 -0.0346842 0.0285455 0.0314319 -0.0148829 -0.0412759 -0.0397744 -0.0125944 -0.0179368 -0.10332 -0.0238989 0.0202148 0.00122021 -0.0468782 0.00127867 -0.0206245 0.0114688 -0.00454444 0.00666388 -0.0195525 0.0546232 
-0.0102115 -0.00246444 0.0317673 0.000913369 -0.0345797 -0.052159 0.0415444 0.0074048 0.0199849 0.0838541 0.0231277 0.0251198 0.0184468 -0.0108254 -0.0159538 -0.0138396 -0.00872423 -0.0278497 -0.0544502 -0.0520019 -0.0404953 -0.0248447 0.0341683 -0.0403465 -0.00942107 0.0643815 0.030163 0.0355226 0.00750007 0.0826772 
0.0349015 0.0805626 0.0150311 0.0121776 0.0176981 0.00808964 0.0235433 -0.0403767 0.0771588 0.0784908 0.0178971 0.0118332 0.0779678 -0.033862 0.0104047 -0.0272405 0.0266174 0.00647889 -0.0125065 -0.0275261 -0.0192448 0.00383077 -0.0128563 -0.0444422 0.00236839 0.0481145 0.0797882 0.0800502 -0.0121049 0.112414 
0.0764289 0.0693691 0.0338165 0.0448591 -0.0186713 -0.0744141 -8.99688e-05 -0.00266055 0.0595093 0.0674715 -0.0131855 -0.0258685 0.00760623 0.0205277 0.0233519 -0.019644 0.0170416 0.0412917 -0.0646514 -0.0690225 -0.043339 0.0371079 0.0074392 -0.035912 0.00621546 0.0131169 0.0473955 0.0987935 0.0479976 0.0417693 
0.00764706 0.0597395 -0.0279056 0.0572708 -0.0149996 -0.00865082 0.0430853 0.0348794 0.0705744 0.100987 0.0234085 -0.00940912 -0.00357353 -0.0282744 -0.00716547 0.00313878 0.0364794 -0.0295908 -0.0953124 -0.0799334 -0.0418799 0.037115 0.0199472 0.0346205 0.0315502 -0.0176321 0.0539934 0.0816659 0.035469 0.0301354 
0.0129703 0.0289877 0.0139627 -0.0391893 0.000576446 0.0025555 0.0324943 -0.0470802 -0.0465282 -0.0408925 -0.031702 0.013461 0.00193752 -0.0106379 -0.00703409 0.00554723 -0.0162919 -0.0355319 0.0376414 0.0251637 -0.0245566 0.0493111 0.0428435 0.0484217 -0.0284263 0.0388444 0.0306986 0.0112047 0.013044 -0.0106388 
-0.0167672 0.0218012 0.0325915 -0.0224606 0.0162013 0.0221549 0.00944416 -0.00616123 -0.0184366 -0.00256104 -0.0419128 -0.0199927 -0.0490726 -0.0183192 0.0106341 -0.032552 0.0398662 -0.0352178 0.0312 0.0148224 -0.023414 -0.0120566 -0.0129382 -0.00280851 -0.00502702 -0.0476468 0.0298262 0.0116577 0.0331448 -0.0208366 
-0.0254742 -0.00464261 -0.00273736 0.0353857 0.0352589 0.019116 -0.027728 0.0264029 0.0194637 0.0182226 0.00309252 0.0371898 -0.0416749 0.0101957 -0.00414568 -0.0209537 -0.0399427 0.0486924 -0.0383855 -0.00363223 -0.0462884 0.0214811 0.0313371 -0.0353863 -0.0202737 0.0498337 -0.000826297 -0.0281331 0.020389 0.0466017 
-0.000591508 -0.0111401 0.0353993 -0.00891918 0.0363977 -0.0385999 -0.0422216 0.0420372 0.0271601 -0.0141989 0.00321491 0.0433741 -0.0028881 0.00046065 -0.0225798 -0.0311112 -0.0369099 0.0303852 -0.0510289 0.040657 -0.0428034 0.026512 0.0270775 -0.0333634 0.0216768 0.0379821 -0.0019118 0.0489804 0.0348749 -0.00288861 
0.00517489 -0.0432028 0.0186266 0.0188798 -0.0247254 -0.0489623 0.0459955 -0.0377034 0.0452819 -0.0177368 -0.00576965 0.0334232 0.0321846 -0.0113979 -0.00645474 0.018621 -0.0165758 0.0376976 0.0303531 0.00853016 0.0453405 0.0392699 -0.04533 0.0203733 -0.0103505 -0.047859 0.0345157 0.0355091 0.0369828 0.00781252 
0.022867 -0.00428214 -0.0093872 0.0283538 0.0201831 0.0394948 -0.0307769 -0.00432929 -0.0304651 0.0410604 -0.0488673 -0.0161538 0.00841964 -0.010919 0.00251795 0.0244007 -0.00302913 -0.010044 0.0469489 -0.0424596 0.0145353 -0.00758071 0.0321819 -0.0163411 -0.0163558 0.0503115 -0.0449282 0.0320143 0.0149696 -0.0337301 
0.00518069 0.0432194 0.0241655 -0.0244498 0.00981471 -0.031901 -0.0187565 0.0065496 -0.0460567 -0.0238319 0.00952177 -0.00698488 0.0148672 -0.0172926 0.0169819 0.0246305 -0.0198162 0.014272 -0.0230977 0.000652844 -0.00667555 0.00699389 0.0308356 -0.0330761 0.0156291 -0.039433 -0.00912748 0.00380362 0.04903 -0.0340211 
0.00608605 0.0432875 0.0208357 0.0262691 0.0020999 0.0113104 0.00531235 0.0144492 0.0130428 -0.0449256 -0.0182997 0.00098136 -0.0325584 -0.0145917 -0.019371 -0.0412956 -0.0144681 0.0185042 0.0132975 -0.0464017 -0.00956834 -0.0416321 -0.00588357 0.00446768 -0.00267063 -0.0275047 -0.0351467 0.0208322 0.0212749 0.0483451 
0.0435707 0.0345161 0.0423671 0.0467498 0.0327856 0.0231443 0.0157344 -0.0144493 0.0172791 -0.0211801 -0.0413096 -0.0334825 -0.00907748 -0.00789968 0.0423301 0.023723 -0.00527504 -0.0202444 0.0406423 0.0112986 0.0068173 -0.024504 0.0403334 -0.0479334 -0.0281179 0.0249191 0.041848 0.0362776 -0.0171551 -0.0265076 
0.0355101 0.0467339 0.0175846 -0.0258054 -0.00138743 0.00207804 -0.00430571 0.0448387 -0.0228024 0.046329 -0.048634 0.0381516 -0.0452184 0.00277595 -0.000266947 0.0152447 -0.0107207 -0.0107036 0.0320515 -0.0445657 0.0128541 0.00448813 0.0395992 -0.0189796 -0.00538897 -0.0232734 0.00860008 0.0116531 -0.0424923 0.0112004 
0.0399684 -0.0310727 -0.0411089 0.015874 0.042696 0.012598 -0.0353829 -0.0277515 -0.0128852 -0.0180589 0.0426025 -0.00197022 0.0282083 0.0125232 -0.0286232 0.0355409 -0.0328348 0.0343063 0.00302171 0.000186105 -0.0358076 -0.00907642 -0.013831 0.0141191 -0.0339734 -0.0127881 -0.0468054 0.0245679 0.0185309 -0.0230587 
-0.0108497 0.00251671 -0.00287462 0.00510265 -0.00724656 0.0228322 0.000957807 -0.0371093 0.00168575 0.049199 -0.025325 -0.0436472 -0.0199838 -0.0282746 -0.0221039 0.0270042 -0.0208861 0.00181438 0.00758906 0.0110127 0.035176 0.0211264 0.00462664 0.00321215 -0.0193098 -0.0258931 -0.0384094 -0.0169796 -0.0255257 -0.0197618 
-0.0204102 -0.0322342 0.0499984 -0.0273586 0.00291629 0.00681823 -0.00238095 -0.039203 0.0211682 -0.0304107 -0.0206409 0.00491331 0.0438089 -0.0093623 0.0387926 -0.0377596 0.000292099 0.0022268 -0.00596454 0.0482028 -0.0359211 -0.0267085 0.0496064 -0.0334755 0.0289366 0.0196609 0.050211 -0.0397336 0.0376324 0.00709565 
0.00883498 -0.0258242 -0.0280566 0.00368246 0.0303174 -0.0440808 0.0148875 -0.0114127 0.0160224 0.00200779 -0.000689937 0.00611118 0.0245383 -0.0356304 -0.00609383 -0.0205333 -0.0382169 0.0265566 0.0219009 0.00939466 -0.0391289 0.0392938 -0.0402524 0.031359 -0.0329643 -0.0466854 0.0410749 -0.033001 -0.0434809 0.0359428 
-0.0376251 0.0405663 -0.0277477 -0.000556349 -0.0286592 0.039473 0.0351432 0.0357799 0.0310096 -0.0419201 -0.0318854 -0.0356266 -0.0231517 0.031822 -0.0247148 0.0379943 -0.0227629 0.010095 0.0215234 0.0270053 0.0288844 0.029809 -0.0490266 0.011359 -0.00806939 -0.0275686 -0.0441273 0.0190052 -0.0301302 0.0414035 
-0.0441996 -0.0146779 0.0334968 0.0372168 0.0248285 0.00182227 -0.047231 0.00928337 0.0045747 0.0336873 -0.0166733 -0.0316225 0.0306883 -0.0163035 -0.0319793 -0.0363876 -0.0277035 0.0357383 -0.0105528 -0.0319746 -0.0449408 -0.0138141 0.0367542 -0.0187169 0.017214 0.04446 -0.0286765 -0.0265757 -0.0132958 -0.0421582 
-0.00737981 0.0264804 0.0472336 -0.0164427 0.0321214 -0.0650488 -0.0204464 -0.0202843 0.0291968 0.0598234 -0.008958 0.0194195 0.0489154 -0.0400414 -0.0358879 -0.0227621 0.0359986 -0.0274483 -0.0932565 -0.0585278 -0.0176949 -0.00530794 0.0396914 0.00814585 0.0207237 -0.00483625 0.0565564 0.0811668 -0.0336495 0.06298 
0.0532488 0.0281382 0.0240659 -0.0169454 0.0162122 -0.0390027 -0.0317531 -0.0307704 0.0507927 0.0451381 -0.046494 0.0349735 0.0227467 -0.0450849 0.0127413 -0.0176547 0.0427667 0.0141954 -0.087665 -0.0475197 -0.00774714 -0.0119231 -0.0283294 0.0309027 -0.0283141 0.0452246 0.0147075 0.0238892 0.00548115 0.0556909 
0.021236 0.0231532 0.00946283 0.00217401 -0.0415449 -0.0655831 -0.027298 -0.0122574 0.025806 0.0333306 0.0186469 0.0203203 0.010564 -0.0279819 0.00714304 -0.0531448 0.0264933 -0.0132257 -0.0840622 -0.0199662 0.0287418 0.0498891 0.0177595 0.040025 0.00563575 -0.034833 -0.00132908 0.0184305 0.0332403 0.0925928 
0.0691872 -0.029102 0.00427592 -0.0426977 0.0199481 0.00359233 -0.017637 0.00170496 0.012001 0.0283052 0.027033 0.00685429 0.00547474 0.0346497 0.0143592 -0.0563163 -0.0428543 -0.0120809 -0.0282573 -0.0284069 -0.0194333 -0.000313647 0.0307768 0.0173965 0.00338257 0.046346 -0.012149 0.0548241 0.0228036 0.0786164 
0.0158221 0.0112251 -0.0236189 -0.0279369 0.0301632 -0.0694826 0.017491 -0.0411174 0.00999081 0.0812981 0.0336838 -0.0382638 0.00766201 0.0332004 0.0478033 -0.0621638 -0.0344441 0.0141885 -0.0669898 0.0159401 0.0324456 -0.00680773 0.0195248 0.021129 0.00236985 0.00980318 -0.0183248 0.0458762 0.0216693 0.0231375 
0.0469228 0.0772069 -0.00134684 0.0265873 0.0414033 -0.0254269 0.0424517 0.0344765 0.087587 0.0948714 -0.0489924 0.0406701 0.0647969 0.028493 0.0239757 0.00242714 0.0412577 -0.0322004 -0.0303798 -0.0407674 -0.0389026 -0.0011423 -0.0283326 -0.0260457 -0.0416479 0.0406797 -0.0104837 0.0794873 0.00403005 0.0911637 
0.0554622 0.0524519 -0.0379689 0.04019 0.0280921 -0.0605369 -0.0139111 -0.0150572 0.0859506 0.0578111 0.0161084 -0.0222796 0.0367086 -0.0347967 -0.0259915 -0.0477025 0.0307826 0.0254197 -0.0184946 -0.0100004 0.0106422 -0.0467522 -0.0167178 0.0346194 -0.020896 0.0525889 0.0120759 0.0382405 0.039547 0.066038 
-0.00596111 0.0507335 0.0388954 0.0245358 -0.0300649 -0.0564741 0.0344724 -0.019101 0.019609 0.0444386 -0.0450704 -0.00971056 0.0420532 -0.00580337 -0.0149898 -0.0339642 0.0207011 0.0366894 -0.0659031 -0.0721984 0.0449055 0.0431027 0.0340297 -0.0494453 -0.0242154 -0.0269694 0.00769511 0.048411 0.00969043 0.0887213 
-0.00598031 0.0357866 0.024825 -0.0453987 -0.0251798 -0.0278688 -0.0356814 -0.0202208 0.0857958 0.0237766 -0.0452916 0.0294113 0.0183392 -0.0368248 0.0429402 -0.0465975 0.00640101 -0.00623229 -0.00750207 -0.0585809 0.000493955 -0.0220495 0.0387662 -0.0143881 0.0367259 -0.0262569 0.00438086 0.0371113 -0.029105 0.0582717 
0.0247406 0.0100668 0.0415453 -0.0449427 0.00970759 0.000811523 0.00262972 0.0267315 0.0835285 0.05623 -0.00574895 -0.0317408 0.0171297 -0.00998107 -0.0278954 -0.025618 -0.0374796 -0.0261119 -0.0796571 -0.0405652 0.0226515 0.0297249 -0.0527856 -0.0399652 -0.00686017 0.0028143 -0.0103442 0.0398337 -0.00829577 0.0527681 
0.0519158 -0.0156942 -0.0351085 0.0332521 -0.0141538 0.0208545 0.0039276 0.0201271 0.0659265 0.0711729 -0.0495199 -0.0547871 0.061751 -0.0254544 0.0148398 -0.00210418 -0.0215671 -0.0193481 -0.0994409 -0.0683372 0.0381449 -0.0304041 -0.0321552 0.0139233 0.0208501 0.01822 0.0112886 0.0188605 -0.0164496 0.0932175 
0.0292189 0.0503164 0.00307872 -0.0240733 -0.0353108 -0.0182514 0.0221386 -0.0455471 0.0570236 0.0536151 -0.022998 0.0394355 0.0441731 -0.00692703 0.0280295 -0.00623524 -0.0163736 -0.0320248 -0.0253894 -0.0280126 -0.0452292 -0.0203197 -0.0323789 -0.0575682 0.0101697 0.0267673 0.0527596 0.0588573 0.0378926 0.0286994 
-0.000365203 0.0549829 -0.00701333 0.00101564 -0.0440012 -0.00642694 0.0185471 0.0312826 0.00395909 0.0435767 -0.0442547 -0.0506121 -0.0159828 0.0178055 -0.00810283 -0.0512714 -0.0313358 -0.0394163 -0.0979974 -0.00151617 -0.0437338 -0.0465604 -0.00450346 -0.0397747 -0.0393033 0.0476273 0.0682182 0.00594043 0.0532563 0.0872245 
0.0466973 0.0711809 0.035955 -0.00169672 -0.0281327 -0.0657788 -0.0209148 0.00697693 0.00707388 0.105883 -0.0319583 -0.0351646 -0.0239027 0.0247212 0.0467992 0.0258248 -0.00273782 -0.00662469 -0.0344999 -0.0245355 -0.0427419 -0.0191099 0.0142497 0.00594178 0.0417275 0.0188204 0.0747994 0.0712126 0.00996841 0.0964061 
0.0312627 0.0251265 0.0282546 0.0163112 -0.0375048 -0.00309066 0.0428032 -0.0175005 0.00669167 0.0849912 0.0250163 0.0235497 0.0300129 0.0200971 0.0347123 -0.0327962 0.0348367 0.00017586 -0.0177525 -0.0755822 0.0449142 0.04735 0.0282118 0.0287563 0.0357413 0.0231311 0.0678835 0.081137 -0.00104942 0.0349696 
-0.0136375 0.0115314 -0.0503804 -0.0173268 0.035086 -0.017607 0.00997855 0.0334637 -0.00149358 0.0694305 0.00569724 0.0341555 0.0314451 -0.0473082 -0.0159971 -0.0347569 0.0213027 0.0270796 -0.00599245 -0.0721282 0.0461985 0.0445504 -0.0309312 0.0148536 -0.0355911 0.0575742 -0.00595433 0.0385294 0.039749 0.0276142 
0.0172198 -0.00764395 -0.0189429 -0.0131981 -0.00733326 -0.012536 -0.0379244 0.0322882 0.0349465 0.0479795 -0.0233059 0.00605596 0.0319688 0.00323305 -0.0477002 -0.0109292 -0.0488674 0.0440349 0.0395298 0.0483204 -0.0190285 0.0458667 -0.0211052 0.0252967 -0.0124157 0.0108834 -0.0151502 -0.0364573 -0.0418415 0.0236685 
0.0178419 0.0125992 0.000122709 0.0248477 0.0420468 -2.23396e-05 0.0102565 0.0359363 0.0123437 -0.0371818 -0.0291956 0.00762596 -0.0467074 -0.0431654 0.0414155 0.0442687 -0.0311082 0.0290064 -0.0218872 0.00475804 -0.0202562 -0.00361633 0.0171339 0.0426341 -0.0174549 0.019747 0.0342904 -0.00272187 -0.0443667 0.0154543 
-0.0115983 -0.0265523 -0.0136295 -0.00302905 0.0222547 -0.0409688 0.0498398 0.0336094 -0.028405 -0.0394855 0.012588 0.0365303 -0.0419905 -0.038874 -0.00128015 -0.0315652 -0.0387046 0.0091809 0.0387493 -0.00526096 0.0033678 0.049861 0.0425419 0.0271236 -0.0272327 0.00587956 0.0259508 0.0182299 0.000882358 0.0425845 
-0.032745 -0.0396022 0.0421921 -0.0139303 0.0412665 -0.00765397 -0.0400888 -0.0114845 -0.0318412 -0.0212526 0.0235365 0.0327722 0.00825559 0.0150865 0.00624129 -0.016706 0.0425602 -0.00993198 -0.0243835 0.0452107 0.0108281 -0.0351055 0.0209741 0.0299873 -0.038538 0.00179934 0.00247753 -0.0385852 -0.018 -0.0162678 
0.0134835 -0.00819769 0.0306917 -0.019459 -0.0167511 -0.00711324 -0.0441209 0.0402645 0.048726 -0.0456716 -0.020388 -0.0103142 0.0148148 0.0338525 -0.0142608 -0.0288422 0.00945312 0.0324306 -0.0462298 0.0309561 -0.0111862 -0.0397033 -0.0495961 -0.0432694 -0.0389632 -0.00634048 -0.0200783 0.0144732 -0.0142459 0.00682974 
0.00976712 -0.0230566 -0.024027 0.0290562 0.0240731 0.0085632 -0.0276244 -0.048601 0.0358393 -0.00185616 0.0293467 -0.0429274 -0.0149567 -0.0492641 0.0470862 0.0341066 -0.0147199 0.0309641 -0.0490151 0.0246006 -0.015484 0.00482207 -0.0157722 0.0330993 -0.0074024 0.0403694 -0.0319097 -0.016706 0.0344806 -0.047322 
-0.0466308 0.00728616 -0.0482606 0.0300053 0.00952939 -0.028046 0.0124656 0.0331161 0.0245287 -0.0487545 0.0413191 -0.040797 0.0172091 -0.0191111 -0.00421438 0.0148355 0.00868605 -0.00459185 0.00355771 0.037807 0.0237452 0.0456159 0.00525028 0.032081 -0.0277462 0.0213304 -0.0355919 -0.0388645 0.000794155 0.0147425 
-0.0170517 -0.0037481 -0.0035008 0.0139139 -0.00621781 0.0192819 0.00644088 -0.00907464 0.00103493 0.0279758 -0.0390505 -0.0437451 -0.0340806 0.0460307 -0.0170942 -0.04194 0.0382632 0.029976 -0.028634 -0.0449516 -0.0322595 0.0260963 -0.00602284 0.0396463 -0.0394004 -0.0248247 -0.00651964 -0.00889973 -0.0241468 0.0360305 
-0.0289703 -0.00712443 0.0182891 0.00394879 -0.0474228 -0.0123023 0.0442074 0.0292498 -0.0502685 0.033142 0.0171384 0.0191163 -0.000940517 0.0466221 0.0327848 -0.041346 -0.0488436 -0.013434 -0.00852163 0.011411 -0.0084269 -0.0161221 0.0172615 -0.0231236 -0.0386919 0.00954138 -0.0295515 -0.0187511 0.00891421 -0.0257834 
-0.0296092 -0.00543857 0.0294059 -0.0313825 -0.0166062 0.0262067 0.0408999 0.0306783 -0.0284821 -0.040652 0.000793295 0.0349403 -0.0330579 -0.000173928 -0.0345504 -0.0139451 -0.0186251 0.0331035 -0.0489917 -0.048793 0.0388151 -0.012941 0.0449862 0.00120829 -0.0400026 0.0277395 -0.0428996 0.0316838 0.0344973 0.023554 
0.0161741 0.00162517 0.000851159 -0.0317098 -0.0257098 0.0230017 -0.0369545 -0.0417906 0.0285932 -0.0207031 -0.0352791 0.028602 0.00371364 0.0407113 -0.00843356 0.0377103 0.00470715 0.0234017 -0.0323994 -0.0398351 -0.00553966 -0.0242742 0.00392736 -0.0291739 0.0133355 0.00277712 0.0413089 0.0342674 -0.0117819 -0.0362551 
-0.0421145 -0.0383606 0.0125559 -0.00713224 -0.0169485 -0.034408 0.047174 0.0148944 0.0461644 0.0341768 0.0203958 -0.028762 0.00982678 -0.00708313 -0.0438605 0.00323442 0.0238362 -0.0476786 0.0274347 -0.0374106 0.0491771 -0.00511674 0.00110141 0.0338148 0.0155949 -0.0171511 0.0234027 -0.0120437 0.00115144 -0.0397545 
-0.0387271 0.0221168 -0.0291582 -0.0334955 -0.0172751 -0.0303211 -0.00287591 0.03029 -0.00537525 0.028555 -0.0418853 -0.00749649 0.0375842 -0.0175601 0.00584981 -0.0479764 -0.0205845 0.0189623 0.0140614 -0.0354679 -0.0364548 0.0355294 0.0285068 -0.0273215 -0.0260099 -0.0295735 0.0476359 -0.0380001 -0.0453082 -0.00667803 
0.0018612 0.00657047 -0.0485678 -0.0226771 -0.0291247 0.0201383 0.0153199 0.0162907 -0.0420992 -0.0290115 -0.0451034 -0.0402736 -0.0442421 -0.0459992 0.0495904 0.0374469 0.00924733 0.01282 -0.0494561 0.0304593 0.0334726 0.0199171 -0.0261291 -0.0293588 -0.0375374 -0.0402951 0.00942015 -0.0268491 -0.0223508 -0.0333026 
0.0477349 -0.0138904 0.0193565 0.00126842 -0.0357163 0.0345808 -0.0237884 -0.0254032 0.0237338 -0.0360632 0.00982644 0.0139728 -0.0352765 0.018539 0.0312377 0.00578004 -0.00825068 0.0489233 0.0322907 0.000206521 -0.0341558 0.010812 0.00934721 0.0468645 0.000907803 0.0275119 0.0124814 -0.0459152 -0.0356111 0.048631 
-0.0279686 -0.0277146 0.00336337 -0.0138744 -0.00644014 -0.027163 -0.0408237 0.0234151 0.0468765 0.0489734 -0.0162301 0.0101735 -0.0191115 0.0134029 -0.000263898 0.0393305 -0.0416738 -0.041865 -0.0423631 0.0109402 -0.0311577 0.036112 0.00687443 -0.00700831 -0.0177094 0.0179093 -0.0133999 0.0226377 0.0128091 -0.0466096 

0.362687 0.311256 -0.0494431 -0.00799362 -0.0282175 -0.00126918 -0.0315525 -0.0363497 0.418427 0.591566 -0.0320606 -0.0260995 0.225463 0.0188769 -0.0470843 -0.0251717 -0.0548466 -0.0128988 0.00612456 -0.0137724 -0.0216262 -0.0104287 -0.0359204 -0.00338524 -0.0139322 0.108972 0.288269 0.459828 0.148049 0.589421 

Layer 2:
0.359172 
0.324795 
0.00647997 
0.0459796 
-0.00687072 
-0.166267 
0.0208409 
-0.0249038 
0.432013 
0.621952 
-0.0256277 
-0.0456857 
0.239496 
-0.023229 
-0.00275941 
-0.152554 
-0.0391364 
0.0109496 
-0.315645 
-0.236043 
-0.0319152 
0.0154743 
-0.012519 
-0.0346976 
0.0117487 
0.129376 
0.285225 
0.48251 
0.149354 
0.628011 

1.4488 

